##FastQC	0.10.1
>>Basic Statistics	pass
#Measure	Value	
Filename	SRR1642915.fastq	
File type	Conventional base calls	
Encoding	Sanger / Illumina 1.9	
Total Sequences	21213480	
Filtered Sequences	0	
Sequence length	202	
%GC	47	
>>END_MODULE
>>Per base sequence quality	pass
#Base	Mean	Median	Lower Quartile	Upper Quartile	10th Percentile	90th Percentile
1	31.890376260754955	34.0	31.0	34.0	30.0	34.0
2	32.080353907044014	34.0	31.0	34.0	30.0	34.0
3	32.16274128525824	34.0	31.0	34.0	30.0	34.0
4	35.507296209768505	37.0	37.0	37.0	33.0	37.0
5	35.269614886383565	37.0	35.0	37.0	33.0	37.0
6	35.18346273218727	37.0	35.0	37.0	33.0	37.0
7	35.16229114694996	37.0	35.0	37.0	33.0	37.0
8	35.11334227104652	37.0	35.0	37.0	33.0	37.0
9	36.775308483096595	39.0	37.0	39.0	33.0	39.0
10-14	36.97015743762928	39.4	37.2	39.4	33.0	39.4
15-19	37.982332686574765	40.6	38.0	41.0	33.0	41.0
20-24	37.835334381723314	40.0	38.0	41.0	33.0	41.0
25-29	37.59371317671594	40.0	38.0	41.0	32.0	41.0
30-34	37.27512483571767	40.0	38.0	41.0	31.4	41.0
35-39	36.91740379230565	40.0	37.2	41.0	30.6	41.0
40-44	36.6298612768862	40.0	36.8	41.0	30.0	41.0
45-49	36.36133825284678	40.0	35.8	41.0	30.0	41.0
50-59	35.6872959504994	38.9	35.0	41.0	28.3	41.0
60-69	34.451346162911506	36.8	34.4	39.6	26.9	41.0
70-79	32.49187814540566	34.9	33.0	37.0	24.6	39.1
80-89	31.485453499378696	35.0	33.0	35.2	22.5	36.5
90-99	30.614647219598105	35.0	32.7	35.0	12.6	35.2
100-109	33.07799347396089	35.5	33.1	35.7	25.6	35.7
110-119	37.26621366225626	39.6	37.5	40.0	32.3	40.0
120-129	37.708720634238226	40.0	38.0	41.0	32.0	41.0
130-139	37.14865092856052	40.0	37.7	41.0	30.5	41.0
140-149	36.348165364664354	39.9	36.0	41.0	29.3	41.0
150-159	35.26503993215634	38.7	34.7	40.5	27.1	40.8
160-169	34.49157031283882	37.0	34.3	40.0	26.1	41.0
170-179	32.995720207151294	35.1	34.0	37.6	24.9	39.8
180-189	31.524234736592017	35.0	33.0	35.4	21.3	36.7
190-199	30.519215706239617	35.0	32.5	35.0	9.7	35.3
200-202	29.7452208847079	34.666666666666664	31.666666666666668	35.0	2.0	35.0
>>END_MODULE
>>Per sequence quality scores	pass
#Quality	Count
2	99636.0
3	49965.0
4	44496.0
5	49314.0
6	55619.0
7	53989.0
8	50961.0
9	51684.0
10	54599.0
11	58488.0
12	64088.0
13	72612.0
14	81093.0
15	76550.0
16	79360.0
17	85258.0
18	94658.0
19	109328.0
20	110519.0
21	105189.0
22	111953.0
23	120034.0
24	133871.0
25	154530.0
26	178221.0
27	189997.0
28	220458.0
29	262079.0
30	315214.0
31	381199.0
32	475599.0
33	622685.0
34	870457.0
35	1417844.0
36	2762766.0
37	5160189.0
38	5862634.0
39	526318.0
40	26.0
>>END_MODULE
>>Per base sequence content	fail
#Base	G	A	T	C
1	24.237778305155988	12.740741265495178	9.232218400698027	53.78926202865081
2	20.900785726811442	20.434926282722117	38.16640174077992	20.49788624968652
3	22.651252882601064	24.719692384276414	23.79364913253271	28.835405600589816
4	26.475359064142236	30.460282801313127	18.308707482223568	24.75565065232107
5	27.487560207258067	33.01972651265211	20.82760767066419	18.665105609425627
6	20.892133519699467	36.42726198236882	22.77300252919859	19.907601968733122
7	18.839511480436023	18.8214663506412	40.590252047283144	21.748770121639637
8	19.051098641052764	22.347766608778947	30.42223623846724	28.17889851170105
9	21.81688247284274	21.207486937551028	32.20421166164156	24.77141892796467
10-14	23.08734351930942	28.179314285067797	25.15445839155103	23.57888380407175
15-19	23.6421992054109	26.577145286864766	25.563731174705893	24.21692433301844
20-24	23.465711424999576	26.978230823042708	25.745154496103424	23.810903255854296
25-29	23.324474815070417	26.892356181069772	25.76524360925223	24.01792539460758
30-34	23.397756520853722	26.66454631677594	25.71900602824242	24.218691134127923
35-39	23.530414623154712	26.677513543275317	25.897552876755725	23.894518956814252
40-44	23.42540403554721	26.615768841321653	25.968116499508803	23.990710623622338
45-49	23.545822750439815	26.520692503068805	25.902476161384175	24.031008585107205
50-59	23.655367247618024	26.404704932901158	25.960096598955	23.979831220525817
60-69	23.697731348180497	26.560012784323927	25.919686916055262	23.82256895144031
70-79	23.725285525995734	26.754285011228706	25.80064986979977	23.719779592975787
80-89	23.861531200044585	26.730772201485852	25.779087131951023	23.628609466518544
90-99	24.014819888956897	26.647577917625924	25.749301564188205	23.58830062922897
100-109	22.57719061085487	24.92838432146139	25.576453615866402	26.917971451817337
110-119	22.816169087641306	26.656523015461925	26.308019271592027	24.219288625304745
120-129	23.17382085621818	26.745925058154647	25.973823244148807	24.106430841478364
130-139	23.24110481138865	26.625501097842875	26.020617324985462	24.112776765783014
140-149	23.342617400350054	26.36762351914455	26.12339867620998	24.166360404295414
150-159	23.316266367855892	26.315251393004186	26.114419883402125	24.254062355737794
160-169	23.303827056947085	26.66725623423108	26.028356859348538	24.000559849473298
170-179	23.368104608017603	26.59400525882209	26.040530637368036	23.997359495792274
180-189	23.53660608832086	26.508600915235114	25.963915001450154	23.99087799499387
190-199	23.741607304354883	26.44808807497614	25.94986440303348	23.8604402176355
200-202	23.902142082467616	26.443643912474986	25.844985565641892	23.80922843941551
>>END_MODULE
>>Per base GC content	fail
#Base	%GC
1	78.0270403338068
2	41.398671976497965
3	51.48665848319087
4	51.231009716463305
5	46.152665816683694
6	40.799735488432596
7	40.58828160207566
8	47.22999715275382
9	46.58830140080742
10-14	46.66622732338117
15-19	47.85912353842934
20-24	47.276614680853875
25-29	47.342400209678
30-34	47.61644765498164
35-39	47.424933579968965
40-44	47.416114659169544
45-49	47.57683133554702
50-59	47.63519846814384
60-69	47.52030029962081
70-79	47.44506511897153
80-89	47.49014066656312
90-99	47.60312051818587
100-109	49.49516206267221
110-119	47.03545771294605
120-129	47.28025169769655
130-139	47.35388157717166
140-149	47.50897780464547
150-159	47.57032872359368
160-169	47.30438690642038
170-179	47.36546410380988
180-189	47.52748408331473
190-199	47.60204752199038
200-202	47.711370521883126
>>END_MODULE
>>Per sequence GC content	warn
#GC Content	Count
0	2.5
1	0.0
2	0.3333333333333333
3	0.3333333333333333
4	0.6666666666666666
5	1.0
6	1.6666666666666665
7	2.333333333333333
8	3.3333333333333335
9	4.999999999999999
10	5.333333333333332
11	6.999999999999997
12	11.333333333333336
13	16.00000000000001
14	24.666666666666647
15	40.00000000000001
16	63.333333333333506
17	107.99999999999955
18	168.33333333333374
19	306.6666666666667
20	504.66666666665543
21	823.6666666666904
22	1427.333333333288
23	2348.9999999999504
24	3783.333333333936
25	5956.333333332386
26	9161.66666666545
27	13873.000000007352
28	20073.999999998494
29	28453.666666634675
30	39004.66666666436
31	51688.33333342331
32	66708.333333507
33	84464.66666658195
34	106041.33333293464
35	132537.9999992797
36	165165.66666689597
37	207315.33333478935
38	259613.66666964476
39	323397.99999948626
40	396566.66666189395
41	470626.6666575831
42	537618.9999893449
43	586109.99999499
44	608238.9999975661
45	608003.6666642054
46	588026.6666618797
47	554091.3333245958
48	510600.6666552563
49	465443.33332455147
50	421644.3333271009
51	382491.3333293799
52	346068.3333315
53	310974.00000020943
54	278453.3333354357
55	246926.33333594218
56	219188.00000180156
57	197064.66666782435
58	179159.66666730325
59	161865.33333346658
60	146648.66666635705
61	131512.99999924988
62	118972.6666660798
63	108154.66666623722
64	94175.99999977397
65	81841.33333328679
66	70938.66666677878
67	59880.333333482915
68	50390.6666667472
69	41343.666666681376
70	32758.999999952346
71	25610.99999997835
72	19446.666666667443
73	13945.666666674151
74	9432.999999999276
75	6327.666666665382
76	4338.000000000525
77	2966.3333333335645
78	1872.3333333331868
79	1133.3333333333549
80	638.6666666666694
81	379.3333333333292
82	224.000000000002
83	136.66666666666617
84	78.99999999999996
85	50.333333333333414
86	27.999999999999968
87	13.33333333333334
88	7.9999999999999964
89	5.333333333333332
90	5.666666666666665
91	4.333333333333333
92	1.6666666666666665
93	3.666666666666667
94	1.6666666666666665
95	1.0
96	0.3333333333333333
97	0.0
98	0.0
99	0.3333333333333333
100	0.5
>>END_MODULE
>>Per base N content	pass
#Base	N-Count
1	0.1864616272294786
2	0.0
3	0.0
4	0.0
5	0.00238527577747734
6	1.932733337481639E-4
7	0.0
8	0.0
9	0.0
10-14	0.0
15-19	0.0
20-24	0.0
25-29	0.0
30-34	0.0
35-39	0.0
40-44	0.0
45-49	0.0
50-59	0.0
60-69	0.0
70-79	0.0
80-89	1.0842162624896999E-5
90-99	1.9657312237313256E-4
100-109	1.8195977274827136E-4
110-119	0.015246909040855154
120-129	0.03221442215044396
130-139	0.09905022655405903
140-149	0.16249856223495626
150-159	0.20597469156404322
160-169	0.363374137576673
170-179	0.3504163390447961
180-189	0.4267857041843205
190-199	0.531153304408329
200-202	0.5185994942838233
>>END_MODULE
>>Sequence Length Distribution	pass
#Length	Count
202	2.121348E7
>>END_MODULE
>>Sequence Duplication Levels	fail
#Total Duplicate Percentage	58.116373115871795
#Duplication Level	Relative count
1	100.0
2	32.582873557977294
3	18.17746568783913
4	11.863344124754914
5	8.550681683461766
6	6.408736491724044
7	5.1217454744425694
8	4.041083397929871
9	3.4654142537959967
10++	37.776435183074184
>>END_MODULE
>>Overrepresented sequences	warn
#Sequence	Count	Percentage	Possible Source
AGATCGGAAGAGCACACGTCTGAACTCCAGTCACCTTGTAATCTCGTATG	42429	0.20000961652684993	TruSeq Adapter, Index 12 (100% over 49bp)
GATCGGAAGAGCACACGTCTGAACTCCAGTCACCTTGTAATCTCGTATGC	21636	0.10199175241403108	TruSeq Adapter, Index 12 (100% over 50bp)
>>END_MODULE
>>Kmer Content	warn
#Sequence	Count	Obs/Exp Overall	Obs/Exp Max	Max Obs/Exp Position
GAAGA	11350435	2.6700087	5.288753	2
TCTTC	11349065	2.6463413	5.1928163	7
CTTCT	10568870	2.464418	5.5792785	1
CTCCT	9633680	2.402807	7.252497	1
AAGAA	11068180	2.3015187	5.40721	2
CTTCA	9549765	2.1812878	6.9202313	1
CTCCA	8308740	2.0300012	7.8300614	1
CTTGA	7220300	1.7085629	5.877607	1
GAGAT	6872760	1.6504291	5.204616	3
AGATC	7072425	1.6393759	5.6542788	4
CTCAA	7037590	1.5746307	6.7549005	1
CTTGG	5872360	1.5719918	6.3354244	1
CTTTG	6480190	1.5654132	5.6520653	1
CTCCC	5702695	1.5214149	5.2842283	1
GATCT	6305360	1.4920577	5.228967	5
CTGAA	6399745	1.48345	5.254935	1
CTGGA	5218410	1.3683914	6.285195	1
CTCAG	5320970	1.3468133	6.405053	1
CTCCG	4768765	1.318041	5.041864	1
CTCGA	4869245	1.2324754	5.770264	1
CTCGG	3558230	1.0188553	5.387532	1
CTGGG	3397150	1.0077404	5.166259	1
>>END_MODULE
