##FastQC	0.10.1
>>Basic Statistics	pass
#Measure	Value	
Filename	SRR1642915_Adapt_Quali_9bp_trimmed.fastq	
File type	Conventional base calls	
Encoding	Sanger / Illumina 1.9	
Total Sequences	21213480	
Filtered Sequences	0	
Sequence length	0-193	
%GC	47	
>>END_MODULE
>>Per base sequence quality	pass
#Base	Mean	Median	Lower Quartile	Upper Quartile	10th Percentile	90th Percentile
1	37.2484412948324	39.0	38.0	39.0	34.0	39.0
2	37.256305792626655	39.0	38.0	39.0	34.0	39.0
3	37.220111680418476	39.0	38.0	39.0	34.0	39.0
4	37.19988423295581	39.0	38.0	39.0	34.0	39.0
5	38.63732046889768	41.0	39.0	41.0	34.0	41.0
6	38.62928764377748	41.0	39.0	41.0	34.0	41.0
7	38.601393181639814	41.0	39.0	41.0	34.0	41.0
8	38.591002577116214	41.0	39.0	41.0	34.0	41.0
9	38.565891258506284	41.0	38.0	41.0	34.0	41.0
10-14	38.523335019723866	40.4	38.8	41.0	34.0	41.0
15-19	38.35244870718829	40.0	38.0	41.0	34.0	41.0
20-24	38.107709255225814	40.0	38.0	41.0	33.0	41.0
25-29	37.812467732171264	40.0	38.0	41.0	32.8	41.0
30-34	37.541215789883815	40.0	37.0	41.0	32.0	41.0
35-39	37.379539432979186	40.0	36.6	41.0	32.0	41.0
40-44	36.953325195290226	39.6	35.4	41.0	31.2	41.0
45-49	36.629341853787096	39.0	35.0	41.0	31.0	41.0
50-54	36.08703208805939	38.0	35.0	40.4	30.6	41.0
55-59	35.35778734960493	36.6	34.8	39.6	30.0	41.0
60-64	34.51927428946318	35.4	34.0	38.4	29.0	40.4
65-69	33.32145043243024	34.8	33.0	36.4	28.2	38.8
70-74	33.2029161077971	35.0	34.0	35.8	29.0	37.2
75-79	32.70803223655796	35.0	33.6	35.0	29.0	36.2
80-84	32.318453991443576	35.0	33.0	35.0	27.6	35.6
85-89	31.939025051276655	35.0	33.0	35.0	27.0	35.0
90-94	31.785545259410576	34.4	32.0	34.6	27.4	34.6
95-99	35.21641864145382	36.4	35.4	36.4	34.2	36.4
100-104	37.20062349075282	38.6	37.6	38.6	35.0	38.6
105-109	38.621815993486315	40.6	38.8	40.6	35.0	40.6
110-114	38.87731040572011	40.8	38.8	41.0	35.0	41.0
115-119	38.777647325878256	40.2	38.4	41.0	34.2	41.0
120-124	38.61092818118952	40.0	38.0	41.0	34.0	41.0
125-129	38.356616336035074	40.0	38.0	41.0	33.6	41.0
130-134	38.07465036148433	40.0	37.8	41.0	33.0	41.0
135-139	37.7491090313243	40.0	36.8	41.0	32.6	41.0
140-144	36.81061864402394	38.8	35.4	40.4	31.0	40.6
145-149	37.19878869203673	39.0	35.0	40.8	31.8	41.0
150-154	36.81765232481581	38.6	35.0	40.8	31.2	41.0
155-159	36.29166545044613	37.2	35.0	40.0	31.0	41.0
160-164	35.6989657814302	35.8	35.0	39.0	31.0	41.0
165-169	34.960925930522144	35.0	34.6	37.2	31.0	39.4
170-174	34.31724590713843	35.0	34.0	36.2	30.2	37.8
175-179	33.87158219391868	35.0	34.0	35.2	30.0	36.4
180-184	33.614130427684685	35.0	34.0	35.0	30.0	36.0
185-189	33.55702969126245	35.0	34.0	35.0	30.0	35.0
190-193	33.65598635382085	35.0	33.75	35.0	30.5	35.0
>>END_MODULE
>>Per sequence quality scores	pass
#Quality	Count
6	1.0
7	12.0
8	34.0
9	85.0
10	359.0
11	2418.0
12	10248.0
13	18562.0
14	22714.0
15	25905.0
16	30852.0
17	35493.0
18	42034.0
19	51247.0
20	68787.0
21	77173.0
22	93129.0
23	119878.0
24	147924.0
25	175201.0
26	203675.0
27	233455.0
28	263860.0
29	300599.0
30	351250.0
31	414891.0
32	501111.0
33	641656.0
34	887146.0
35	1417504.0
36	2668441.0
37	4840457.0
38	6130918.0
39	978460.0
40	21542.0
>>END_MODULE
>>Per base sequence content	warn
#Base	G	A	T	C
1	21.58973608391694	35.91572632091963	23.320041886659304	19.17449570850412
2	25.962151276215096	27.343112106790464	20.832167725731953	25.862568891262487
3	22.898726877929153	24.079301627494022	27.049302907050016	25.972668587526808
4	21.757149692699933	26.819358807387278	28.38444167692672	23.039049822986073
5	22.673727053381327	26.380555519370713	27.082198938481422	23.863518488766537
6	22.979150455395917	26.44604374195068	26.22986342949714	24.344942373156258
7	23.780513278717226	26.367462162145845	25.7083548155348	24.14366974360213
8	24.12801801724749	26.75102973751376	25.404674605555	23.716277639683753
9	23.45311121520082	26.720460171691297	25.58849346456243	24.23793514854546
10-14	23.493322730121523	26.827117636745783	25.769543885163404	23.910015747969286
15-19	23.268150652044184	26.93081475964422	25.922773736635524	23.878260851676067
20-24	23.386736352813642	26.69737864901957	25.93549538085218	23.98038961731461
25-29	23.566277398708372	26.748183080510668	25.774366838797473	23.911172681983487
30-34	23.45669033380639	26.57719705569989	25.977359248262488	23.988753362231233
35-39	23.507841508127015	26.639730374394947	25.97832483168414	23.8741032857939
40-44	23.665527263577456	26.58468792211968	25.86128387253232	23.888500941770545
45-49	23.57078980747131	26.513520170608185	25.965222073856943	23.950467948063565
50-54	23.668845916991835	26.5678260023999	25.99148069499242	23.771847385615843
55-59	23.762793473904924	26.53558325514621	25.92980968550897	23.771813585439894
60-64	23.788447417016297	26.471101581685225	25.951919619650887	23.78853138164759
65-69	23.76786753065339	26.540438304976483	26.008001187471464	23.683692976898666
70-74	23.884554438156368	26.50605214551474	25.93231813630674	23.67707528002215
75-79	23.876222812157184	26.47016267612072	25.93445041004141	23.719164101680686
80-84	23.952037825283494	26.49057793382675	25.976061034117343	23.58132320677242
85-89	24.08174598358134	26.509268424809985	25.87907116299017	23.529914428618508
90-94	23.187477631377334	22.304025043084614	25.067322875170046	29.441174450368006
95-99	22.750149928917434	28.34956168600007	25.414434296707956	23.485854088374538
100-104	21.758823248451403	25.99738121314628	27.109308749477872	25.13448678892444
105-109	22.564919226709577	26.444115178375753	26.870851643727576	24.120113951187086
110-114	22.983244008547537	26.61270722454225	25.989403905291255	24.41464486161896
115-119	22.786429288884772	26.855778348916097	26.34300322134326	24.014789140855875
120-124	22.879686398859093	26.582876560447616	26.238896271352274	24.298540769341017
125-129	22.992010527748523	26.59320116483213	26.101007497275585	24.313780810143758
130-134	22.99586302077763	26.550201019015272	26.330946405620164	24.122989554586933
135-139	23.00203024823731	26.515903226855965	26.258689990333274	24.223376534573447
140-144	23.09346967449029	26.451894862913804	26.179085754971183	24.275549707624723
145-149	23.132431978391107	26.442184802046253	26.297497864726417	24.12788535483622
150-154	23.173130312944217	26.45392158066467	26.24513869491416	24.127809411476953
155-159	23.203702172590948	26.350642429149513	26.249141128431543	24.196514269827997
160-164	23.29886960269323	26.37348552726798	26.333584196694193	23.994060673344595
165-169	23.306646051551116	26.370926861218596	26.269886938542797	24.05254014868749
170-174	23.346700425108782	26.295099207117893	26.275253733442522	24.082946634330803
175-179	23.386337247639876	26.344270464479713	26.335443058358415	23.933949229521996
180-184	23.43703385882283	26.34853120236148	26.2550103181669	23.959424620648786
185-189	23.371721845465157	26.34173383363162	26.325606567645522	23.960937753257706
190-193	23.293382830008497	26.35898424823579	26.228342623822243	24.11929029793347
>>END_MODULE
>>Per base GC content	warn
#Base	%GC
1	40.76423179242106
2	51.82472016747758
3	48.87139546545596
4	44.796199515686006
5	46.537245542147865
6	47.324092828552175
7	47.924183022319355
8	47.84429565693124
9	47.69104636374628
10-14	47.40333847809081
15-19	47.146411503720245
20-24	47.36712597012826
25-29	47.47745008069186
30-34	47.44544369603762
35-39	47.38194479392091
40-44	47.554028205348
45-49	47.521257755534876
50-54	47.44069330260768
55-59	47.53460705934482
60-64	47.57697879866389
65-69	47.45156050755205
70-74	47.561629718178516
75-79	47.59538691383787
80-84	47.53336103205591
85-89	47.611660412199846
90-94	52.628652081745344
95-99	46.236004017291975
100-104	46.89331003737585
105-109	46.68503317789666
110-114	47.3978888701665
115-119	46.80121842974065
120-124	47.17822716820011
125-129	47.30579133789228
130-134	47.11885257536456
135-139	47.225406782810765
140-144	47.36901938211501
145-149	47.260317333227334
150-154	47.30093972442117
155-159	47.400216442418944
160-164	47.29293027603782
165-169	47.35918620023861
170-174	47.42964705943959
175-179	47.32028647716187
180-184	47.39645847947161
185-189	47.332659598722856
190-193	47.412673127941964
>>END_MODULE
>>Per sequence GC content	warn
#GC Content	Count
0	17697.0
1	17692.5
2	17687.5
3	17706.0
4	17770.5
5	17878.5
6	18125.5
7	18552.0
8	19170.0
9	19583.5
10	20285.5
11	21010.0
12	21116.0
13	22409.5
14	23851.0
15	24304.0
16	24738.0
17	27173.5
18	29808.5
19	31196.5
20	33301.5
21	36462.5
22	39892.0
23	44440.5
24	51167.0
25	63404.0
26	78145.5
27	90881.5
28	105649.5
29	122462.5
30	144872.5
31	171904.5
32	201464.0
33	237745.5
34	282413.0
35	338056.0
36	404516.0
37	480687.5
38	569012.0
39	668497.0
40	773161.0
41	878307.5
42	974673.5
43	1050613.0
44	1102157.5
45	1126613.0
46	1124000.0
47	1099237.0
48	1056898.5
49	998256.5
50	925794.5
51	850308.0
52	777722.0
53	705917.5
54	638357.0
55	577613.5
56	522586.0
57	475140.5
58	432530.5
59	393609.5
60	361345.0
61	332453.5
62	304776.5
63	278319.0
64	252492.0
65	228337.0
66	207574.0
67	190182.0
68	172110.5
69	152372.0
70	132230.0
71	113408.5
72	97268.5
73	82946.5
74	70790.0
75	57050.5
76	45259.5
77	38892.5
78	34092.5
79	29873.5
80	26478.0
81	24055.5
82	22215.0
83	19250.0
84	16613.0
85	15918.5
86	15214.0
87	14798.0
88	13484.0
89	12170.5
90	11491.0
91	10817.5
92	10348.5
93	9707.0
94	9175.5
95	8771.0
96	8525.5
97	8362.5
98	8285.0
99	8254.5
100	8241.5
>>END_MODULE
>>Per base N content	pass
#Base	N-Count
1	0.0
2	0.0
3	0.0
4	0.0
5	0.0
6	0.0
7	0.0
8	0.0
9	0.0
10-14	0.0
15-19	0.0
20-24	0.0
25-29	0.0
30-34	0.0
35-39	0.0
40-44	0.0
45-49	0.0
50-54	0.0
55-59	0.0
60-64	0.0
65-69	0.0
70-74	0.0
75-79	9.912317915552146E-6
80-84	7.936217099345586E-6
85-89	3.503862899661347E-4
90-94	0.0
95-99	2.484569802850678E-5
100-104	5.050710726468778E-4
105-109	0.007887424596210913
110-114	0.0035476936999698913
115-119	0.010730980291287539
120-124	0.007346133821110503
125-129	0.004703306681395368
130-134	0.013719111368707407
135-139	0.0014136692492198125
140-144	0.009645261914018191
145-149	0.0035743900219377556
150-154	0.013075933699604855
155-159	0.02778012076421862
160-164	0.0015202788812570145
165-169	0.0045260381989680005
170-174	9.542182157148244E-4
175-179	0.0019837861494993794
180-184	0.008973410476136845
185-189	0.01390266480785897
190-193	0.0
>>END_MODULE
>>Sequence Length Distribution	fail
#Length	Count
0-4	486570.0
5-9	51526.0
10-14	45172.0
15-19	53241.0
20-24	45357.0
25-29	40430.0
30-34	39651.0
35-39	41088.0
40-44	40879.0
45-49	39646.0
50-54	37191.0
55-59	33530.0
60-64	31122.0
65-69	22743.0
70-74	20859.0
75-79	17998.0
80-84	13445.0
85-89	8349.0
90-94	17918.0
95-99	7103.0
100-104	10378.0
105-109	10547.0
110-114	15851.0
115-119	17053.0
120-124	30902.0
125-129	40678.0
130-134	30718.0
135-139	39254.0
140-144	37196.0
145-149	46773.0
150-154	62570.0
155-159	48569.0
160-164	60667.0
165-169	76433.0
170-174	98333.0
175-179	153713.0
180-184	229163.0
185-189	533588.0
190-194	1.8577276E7
>>END_MODULE
>>Sequence Duplication Levels	fail
#Total Duplicate Percentage	61.25002346492463
#Duplication Level	Relative count
1	100.0
2	35.58071938960882
3	20.20951919583384
4	13.337774009930968
5	9.501029429574906
6	7.191473900932542
7	5.810827176940777
8	4.567034031730652
9	3.864599733559404
10++	42.15574663921521
>>END_MODULE
>>Overrepresented sequences	fail
#Sequence	Count	Percentage	Possible Source
	436459	2.057460633521704	No Hit
>>END_MODULE
>>Kmer Content	pass
>>END_MODULE
