##FastQC	0.11.3
>>Basic Statistics	pass
#Measure	Value
Filename	SRR1639681_1_trimmed.fastq
File type	Conventional base calls
Encoding	Sanger / Illumina 1.9
Total Sequences	1463330
Sequences flagged as poor quality	0
Sequence length	48-100
%GC	46
>>END_MODULE
>>Per base sequence quality	pass
#Base	Mean	Median	Lower Quartile	Upper Quartile	10th Percentile	90th Percentile
1	33.31275993794974	34.0	33.0	34.0	31.0	34.0
2	33.34793245542701	34.0	34.0	34.0	31.0	34.0
3	33.496907054457985	34.0	34.0	34.0	31.0	34.0
4	36.74364975774432	37.0	37.0	37.0	37.0	37.0
5	36.72059139086877	37.0	37.0	37.0	35.0	37.0
6	36.708076783774	37.0	37.0	37.0	36.0	37.0
7	36.6929147902387	37.0	37.0	37.0	35.0	37.0
8	36.61366130674558	37.0	37.0	37.0	35.0	37.0
9	38.561456404228714	39.0	39.0	39.0	38.0	39.0
10-11	38.5775392426862	39.0	39.0	39.0	38.0	39.0
12-13	38.44823655634751	39.0	39.0	39.0	37.0	39.0
14-15	40.18793949416741	41.0	40.0	41.0	38.0	41.0
16-17	40.164868826580474	41.0	40.0	41.0	38.0	41.0
18-19	37.69364053221078	41.0	39.0	41.0	24.0	41.0
20-21	37.75740810343532	41.0	38.0	41.0	25.0	41.0
22-23	39.5550549090089	40.5	39.0	41.0	37.5	41.0
24-25	39.922468957788055	41.0	40.0	41.0	38.0	41.0
26-27	35.511519957904234	41.0	38.0	41.0	12.5	41.0
28-29	38.99180191754423	41.0	38.5	41.0	34.5	41.0
30-31	39.7627408035098	41.0	39.5	41.0	38.0	41.0
32-33	39.76432383672856	41.0	40.0	41.0	38.0	41.0
34-35	39.75533987548947	41.0	40.0	41.0	38.0	41.0
36-37	39.84260863919964	41.0	40.0	41.0	38.0	41.0
38-39	39.83504814361764	41.0	40.0	41.0	38.0	41.0
40-41	39.75556402178593	41.0	40.0	41.0	37.0	41.0
42-43	39.68940635400081	41.0	40.0	41.0	37.0	41.0
44-45	39.322703354677344	41.0	39.5	41.0	35.5	41.0
46-47	39.28926113726911	41.0	39.0	41.0	35.0	41.0
48-49	39.29734826596524	41.0	39.0	41.0	35.0	41.0
50-51	39.16444845059347	40.0	39.0	41.0	35.0	41.0
52-53	38.89064882023916	40.0	38.0	41.0	35.0	41.0
54-55	38.7543104751917	40.0	38.0	41.0	35.0	41.0
56-57	38.267271219494305	40.0	37.0	41.0	34.5	41.0
58-59	38.1332098854882	40.0	36.0	41.0	34.0	41.0
60-61	38.02476423380763	39.0	36.0	41.0	34.0	41.0
62-63	37.74310547722229	39.0	35.5	41.0	34.0	41.0
64-65	37.41187176262329	38.5	35.0	40.0	34.0	41.0
66-67	37.037251321027	37.5	35.0	40.0	33.5	41.0
68-69	36.65119098455942	37.0	35.0	39.5	33.0	41.0
70-71	36.268018061426275	36.5	35.0	39.0	33.0	40.5
72-73	35.697848106864036	36.0	35.0	38.5	32.0	40.0
74-75	35.4145998617307	35.0	35.0	37.0	32.0	39.0
76-77	34.20417552054376	34.5	33.5	36.0	30.5	39.0
78-79	34.8322309323805	35.0	34.0	36.0	32.0	38.5
80-81	34.6910409470585	35.0	34.0	36.0	32.0	37.0
82-83	34.44681572532389	35.0	34.0	36.0	32.0	37.0
84-85	34.274103142986455	35.0	34.0	35.0	32.0	36.5
86-87	34.07125118219771	35.0	34.0	35.0	31.0	36.0
88-89	33.81422767276628	35.0	34.0	35.0	31.0	36.0
90-91	33.735096637480694	35.0	34.0	35.0	31.0	36.0
92-93	33.693781394185294	35.0	34.0	35.0	31.0	35.0
94-95	33.527108721008766	35.0	33.5	35.0	30.0	35.0
96-97	33.46532159209258	35.0	33.0	35.0	30.0	35.0
98-99	33.532982139759326	35.0	33.0	35.0	30.5	35.0
100	33.69597297557131	35.0	33.0	35.0	31.0	35.0
>>END_MODULE
>>Per sequence quality scores	pass
#Quality	Count
24	6.0
25	95.0
26	669.0
27	2159.0
28	4030.0
29	6591.0
30	9877.0
31	14653.0
32	21371.0
33	33202.0
34	58784.0
35	117635.0
36	239090.0
37	394173.0
38	485333.0
39	75605.0
40	57.0
>>END_MODULE
>>Per base sequence content	fail
#Base	G	A	T	C
1	25.610314170972103	13.758361487121991	14.344238465953127	46.287085875952776
2	20.047767762568935	22.997478354164816	37.02268114505956	19.932072738206692
3	22.475716279215977	27.03874598004819	24.926913073368475	25.55862466736735
4	25.14743769347994	32.78447103524154	18.950407631908046	23.117683639370476
5	25.16411199114349	34.34331285492678	21.770892416611428	18.721682737318307
6	18.926557919266333	36.07245119009383	24.026842885746895	20.97414800489295
7	17.263911762896957	16.381267383297	43.44946116050378	22.905359693302263
8	19.515146959332483	21.85255547279151	28.943368891500892	29.688928676375113
9	20.77016120765651	22.04752174834111	31.426745846801474	25.755571197200904
10-11	23.463401966747078	32.081827065665294	21.627794140761143	22.826976826826485
12-13	21.588849264639304	25.375897909527556	28.616999793963018	24.41825303187013
14-15	21.984514771104262	26.684650762302418	27.629174553928372	23.701659912664947
16-17	22.99116463009192	27.008083656171607	26.47805713434423	23.522694579392248
18-19	23.82702008450113	27.779528943071597	25.394937752128875	22.9985132202984
20-21	22.714212446427453	27.234619643898682	26.611174114743907	23.439993794929954
22-23	22.53797844642015	27.407556737031292	26.637224686161016	23.41724013038754
24-25	22.51908318697765	27.455871197884278	26.57975302905018	23.445292586087895
26-27	23.81428985268079	27.657705638050455	25.842782115948644	22.68522239332011
28-29	22.778320679545967	27.148011726678195	26.551427224207803	23.52224036956804
30-31	22.48094065292444	27.188818060798564	26.723507575902534	23.60673371037446
32-33	22.806039241332865	27.34937688333352	26.519454435928473	23.32512943940514
34-35	22.815750935025548	27.32177794603948	26.497356370303603	23.365114748631374
36-37	22.682812989040034	27.27925971383	26.589427099634666	23.448500197495296
38-39	22.768001749434507	27.313251283032535	26.669240704420737	23.249506263112217
40-41	22.8690198854803	27.184864100964308	26.643700767223226	23.302415246332163
42-43	22.591349866400606	27.13106407987262	26.78384233221488	23.493743721511894
44-45	22.883081738227194	27.228957241360458	26.726917373388094	23.161043647024254
46-47	22.90457381451894	27.245904888166034	26.615220080227974	23.234301217087054
48-49	22.707975203124107	27.170503977402216	26.70536608467198	23.416154734801697
50-51	22.856812860421346	27.157607410515727	26.766585703565703	23.218994025497224
52-53	22.97003134624785	27.1829055271263	26.664581474606802	23.182481652019046
54-55	22.69483853517135	27.083251407219915	26.804320774672814	23.41758928293592
56-57	22.89639955528949	27.08458051825879	26.740614042589584	23.278405883862142
58-59	22.907643216190465	27.179762191582796	26.762995137603628	23.14959945462311
60-61	22.73165190383067	27.09031760639376	26.882946322437867	23.295084167337706
62-63	22.835866598711036	27.06048736244465	26.878986913060633	23.22465912578368
64-65	22.93702387520604	27.129423698378048	26.758256256661035	23.175296169754876
66-67	22.787685868125177	27.11024266744932	26.889059255622332	23.213012208803175
68-69	22.91459472365955	27.105388555567412	26.995746391774507	22.984270328998534
70-71	22.97182159650844	27.023578464320607	26.904529292343987	23.10007064682697
72-73	22.856392023496678	27.053262568489032	26.970783737826558	23.119561670187732
74-75	22.969633715197993	27.026481633506183	27.011080538103272	22.99280411319255
76-77	22.923521972070954	27.04334548537283	26.98375507653858	23.04937746601764
78-79	22.857741801348794	26.959958858729028	27.09024643456087	23.092052905361307
80-81	22.92497240416563	27.09776573651594	27.00012953849843	22.977132320820008
82-83	23.019981034178837	27.0631022329512	26.969721953058727	22.94719477981123
84-85	22.830595240438083	26.923319933751305	27.108517970320666	23.137566855489943
86-87	22.90405469843831	27.079917937127778	27.131509798477072	22.88451756595684
88-89	23.018403012000398	27.034415091044966	27.04532863808287	22.90185325887176
90-91	22.797771791305845	26.871115952157005	27.21278712257093	23.11832513396622
92-93	22.90377775655047	27.01105346423922	27.205271748717585	22.879897030492724
94-95	23.013810733796696	27.04528696305859	27.11527153910318	22.82563076404153
96-97	22.763586630006856	26.94951972349644	27.31151179310296	22.975381853393742
98-99	22.897590894579736	27.002102865938625	27.311746202820324	22.788560036661313
100	22.80688879283204	27.006081670665093	27.122255010388084	23.064774526114785
>>END_MODULE
>>Per sequence GC content	warn
#GC Content	Count
0	10.0
1	5.5
2	0.5
3	0.5
4	0.5
5	0.5
6	3.0
7	2.5
8	0.5
9	4.0
10	4.5
11	3.0
12	4.0
13	6.0
14	13.0
15	24.5
16	34.0
17	46.5
18	68.5
19	100.5
20	148.5
21	233.0
22	367.5
23	568.5
24	804.5
25	1192.5
26	1795.5
27	2520.5
28	3503.5
29	4732.5
30	6296.0
31	8321.0
32	10724.0
33	13732.5
34	17534.5
35	22208.5
36	27855.0
37	34536.5
38	42423.0
39	50725.5
40	59317.0
41	67715.0
42	74651.0
43	79811.5
44	82597.5
45	83504.5
46	82690.0
47	79767.0
48	74572.5
49	68378.5
50	62348.5
51	55854.5
52	48823.5
53	42182.5
54	36900.5
55	32152.0
56	27568.0
57	23705.5
58	20596.5
59	18080.5
60	15738.0
61	13793.5
62	12036.5
63	10231.5
64	8884.5
65	7773.5
66	6826.5
67	6020.0
68	5152.0
69	4320.0
70	3404.5
71	2570.0
72	1947.5
73	1387.0
74	915.5
75	547.5
76	325.5
77	184.0
78	99.0
79	54.0
80	23.0
81	10.0
82	7.5
83	6.0
84	2.5
85	0.0
86	0.0
87	0.0
88	0.0
89	0.0
90	0.0
91	0.0
92	0.5
93	0.5
94	0.0
95	0.0
96	0.0
97	0.0
98	0.0
99	0.0
100	0.0
>>END_MODULE
>>Per base N content	pass
#Base	N-Count
1	0.09697060813350372
2	0.0
3	2.7334914202538043E-4
4	0.0
5	0.0
6	0.0
7	0.0
8	0.0
9	0.0
10-11	0.0
12-13	3.4168642753172554E-5
14-15	0.0
16-17	4.783609985444158E-4
18-19	1.247873001988615
20-21	7.175414978166238E-4
22-23	0.0
24-25	0.0
26-27	4.342595313428959
28-29	0.0
30-31	4.1002371303807073E-4
32-33	3.4168642753172554E-5
34-35	6.833728550634511E-5
36-37	2.7334914202538043E-4
38-39	0.0
40-41	6.833728550634511E-5
42-43	0.0
44-45	0.0
46-47	0.0
48-49	0.0
50-51	0.0
52-53	0.0
54-55	0.0
56-57	0.0014025288621625422
58-59	0.002053334683971259
60-61	0.0
62-63	3.4251818685942675E-5
64-65	0.0
66-67	0.0
68-69	0.0
70-71	0.0
72-73	0.0
74-75	0.0017532189615787222
76-77	0.010767776894414894
78-79	0.0
80-81	0.002997210527167991
82-83	0.028313078504131433
84-85	0.0
86-87	0.0
88-89	3.118146573676607E-4
90-91	0.0057306610161191335
92-93	0.00571710243304541
94-95	9.817379215556338E-4
96-97	0.0
98-99	5.016182563247792E-4
100	0.0
>>END_MODULE
>>Sequence Length Distribution	warn
#Length	Count
48-49	2.0
50-51	502.0
52-53	507.0
54-55	524.0
56-57	616.0
58-59	587.0
60-61	645.0
62-63	729.0
64-65	737.0
66-67	820.0
68-69	854.0
70-71	1049.0
72-73	1002.0
74-75	1182.0
76-77	731.0
78-79	1159.0
80-81	1417.0
82-83	1631.0
84-85	2037.0
86-87	2660.0
88-89	3324.0
90-91	4528.0
92-93	7872.0
94-95	10012.0
96-97	16164.0
98-99	39420.0
100-101	1362619.0
>>END_MODULE
>>Sequence Duplication Levels	pass
#Total Deduplicated Percentage	86.25650960740668
#Duplication Level	Percentage of deduplicated	Percentage of total
1	90.16740950871154	77.7752602456315
2	7.038398821889523	12.14215431202147
3	1.5508246486446138	4.013061636156516
4	0.5728536158777632	1.9764941368639175
5	0.267645929049615	1.1543101825225701
6	0.1415472585063641	0.7325623477953764
7	0.08223293459492835	0.49651881390528774
8	0.052835249142052045	0.364590734018491
9	0.03539237146685866	0.27475401865140003
>10	0.09045539495287296	1.048707481148432
>50	4.042671638728354E-4	0.021586091285041256
>100	0.0	0.0
>500	0.0	0.0
>1k	0.0	0.0
>5k	0.0	0.0
>10k+	0.0	0.0
>>END_MODULE
>>Overrepresented sequences	pass
>>END_MODULE
>>Adapter Content	pass
#Position	Illumina Universal Adapter	Illumina Small RNA Adapter	Nextera Transposase Sequence	SOLID Small RNA Adapter
1	0.0	0.0	0.0	0.0
2	0.0	0.0	0.0	0.0
3	0.0	0.0	0.0	0.0
4	1.3667457101269024E-4	0.0	6.833728550634512E-5	0.0
5	1.3667457101269024E-4	0.0	6.833728550634512E-5	0.0
6	1.3667457101269024E-4	0.0	6.833728550634512E-5	0.0
7	1.3667457101269024E-4	0.0	6.833728550634512E-5	0.0
8	1.3667457101269024E-4	0.0	6.833728550634512E-5	0.0
9	1.3667457101269024E-4	0.0	6.833728550634512E-5	0.0
10-11	1.7084321376586282E-4	0.0	6.833728550634512E-5	0.0
12-13	2.0501185651903536E-4	0.0	1.3667457101269024E-4	0.0
14-15	2.0501185651903536E-4	3.416864275317256E-5	2.0501185651903536E-4	0.0
16-17	2.0501185651903536E-4	6.833728550634512E-5	2.733491420253805E-4	3.416864275317256E-5
18-19	2.391804992722079E-4	6.833728550634512E-5	2.733491420253805E-4	6.833728550634512E-5
20-21	2.733491420253805E-4	6.833728550634512E-5	2.733491420253805E-4	6.833728550634512E-5
22-23	2.733491420253805E-4	6.833728550634512E-5	2.733491420253805E-4	6.833728550634512E-5
24-25	2.733491420253805E-4	1.0250592825951768E-4	2.733491420253805E-4	6.833728550634512E-5
26-27	2.733491420253805E-4	1.3667457101269024E-4	3.07517784778553E-4	6.833728550634512E-5
28-29	2.733491420253805E-4	1.3667457101269024E-4	3.416864275317256E-4	6.833728550634512E-5
30-31	2.733491420253805E-4	1.3667457101269024E-4	3.416864275317256E-4	6.833728550634512E-5
32-33	3.07517784778553E-4	1.3667457101269024E-4	3.416864275317256E-4	6.833728550634512E-5
34-35	4.1002371303807073E-4	1.3667457101269024E-4	3.416864275317256E-4	6.833728550634512E-5
36-37	4.1002371303807073E-4	1.3667457101269024E-4	3.7585507028489815E-4	6.833728550634512E-5
38-39	4.783609985444158E-4	1.3667457101269024E-4	4.783609985444158E-4	6.833728550634512E-5
40-41	4.783609985444158E-4	1.3667457101269024E-4	4.783609985444158E-4	6.833728550634512E-5
42-43	5.46698284050761E-4	1.3667457101269024E-4	4.783609985444158E-4	6.833728550634512E-5
44-45	6.15035569557106E-4	1.3667457101269024E-4	4.783609985444158E-4	6.833728550634512E-5
46-47	6.15035569557106E-4	1.3667457101269024E-4	4.783609985444158E-4	6.833728550634512E-5
48-49	6.15035569557106E-4	1.3667457101269024E-4	4.783609985444158E-4	6.833728550634512E-5
50-51	6.15035569557106E-4	1.3667457101269024E-4	5.125296412975884E-4	6.833728550634512E-5
52-53	6.15035569557106E-4	1.3667457101269024E-4	5.46698284050761E-4	6.833728550634512E-5
54-55	6.833728550634512E-4	1.3667457101269024E-4	5.46698284050761E-4	6.833728550634512E-5
56-57	6.833728550634512E-4	1.3667457101269024E-4	5.808669268039335E-4	6.833728550634512E-5
58-59	6.833728550634512E-4	1.3667457101269024E-4	6.833728550634512E-4	6.833728550634512E-5
60-61	6.833728550634512E-4	1.3667457101269024E-4	6.833728550634512E-4	6.833728550634512E-5
62-63	6.833728550634512E-4	1.3667457101269024E-4	6.833728550634512E-4	6.833728550634512E-5
64-65	8.54216068829314E-4	1.3667457101269024E-4	6.833728550634512E-4	6.833728550634512E-5
66-67	8.883847115824865E-4	1.3667457101269024E-4	8.200474260761415E-4	6.833728550634512E-5
68-69	8.883847115824865E-4	1.3667457101269024E-4	8.200474260761415E-4	6.833728550634512E-5
70-71	9.225533543356591E-4	1.3667457101269024E-4	8.200474260761415E-4	2.0501185651903536E-4
72-73	9.567219970888316E-4	1.3667457101269024E-4	8.200474260761415E-4	2.0501185651903536E-4
74-75	9.908906398420042E-4	1.3667457101269024E-4	8.54216068829314E-4	2.0501185651903536E-4
76-77	0.0010250592825951767	1.3667457101269024E-4	8.883847115824865E-4	2.0501185651903536E-4
78-79	0.0010250592825951767	1.3667457101269024E-4	8.883847115824865E-4	2.391804992722079E-4
80-81	0.0010250592825951767	1.3667457101269024E-4	8.883847115824865E-4	2.733491420253805E-4
82-83	0.001093396568101522	1.3667457101269024E-4	8.883847115824865E-4	2.733491420253805E-4
84-85	0.001093396568101522	1.3667457101269024E-4	8.883847115824865E-4	2.733491420253805E-4
86-87	0.001093396568101522	1.3667457101269024E-4	8.883847115824865E-4	2.733491420253805E-4
88	0.001093396568101522	1.3667457101269024E-4	9.567219970888316E-4	2.733491420253805E-4
>>END_MODULE
>>Kmer Content	warn
#Sequence	Count	PValue	Obs/Exp Max	Max Obs/Exp Position
CCCGGAT	200	0.006190056	13.911824	1
CCGGTCT	235	0.0011269619	13.813157	1
AATCGAC	460	9.544165E-7	12.085251	5
CCGAAAC	620	1.8135324E-9	11.967161	1
GAATGTA	555	6.121445E-8	11.686039	4
CGCAAAT	605	1.6147169E-8	11.497375	1
CCGGGCT	380	2.9296344E-4	10.983019	1
CCGAGAT	760	3.3833203E-10	10.983019	1
CGCCAAT	515	3.6696092E-6	10.8053	1
CGGAAAT	435	8.605916E-5	10.660401	1
TATAGGT	305	0.008000089	10.632379	7
AATCGTG	310	0.00902519	10.460889	5
CCGGAAC	445	1.0835493E-4	10.420842	1
CTAGCGC	160	0.009853402	10.338164	86-87
AATCGGT	360	0.0023217655	10.294844	5
CGACAAT	640	4.3148611E-7	10.144039	1
AGAATCG	560	1.0087901E-5	9.927171	3
ACTTAAC	515	4.3726424E-5	9.895042	6
CGAAATT	475	2.0938546E-4	9.762683	1
CTCAGTT	1145	0.0	9.720052	1
>>END_MODULE
