##FastQC	0.10.1
>>Basic Statistics	pass
#Measure	Value	
Filename	SRR1639282.fastq	
File type	Conventional base calls	
Encoding	Sanger / Illumina 1.9	
Total Sequences	11142142	
Filtered Sequences	0	
Sequence length	100-200	
%GC	46	
>>END_MODULE
>>Per base sequence quality	pass
#Base	Mean	Median	Lower Quartile	Upper Quartile	10th Percentile	90th Percentile
1	33.02845924957697	34.0	33.0	34.0	31.0	34.0
2	33.252983851758486	34.0	34.0	34.0	31.0	34.0
3	33.4466947199201	34.0	34.0	34.0	31.0	34.0
4	36.71532296034282	37.0	37.0	37.0	35.0	37.0
5	36.69490300877515	37.0	37.0	37.0	35.0	37.0
6	36.66463154032681	37.0	37.0	37.0	35.0	37.0
7	36.64910167183294	37.0	37.0	37.0	35.0	37.0
8	36.65397461278092	37.0	37.0	37.0	35.0	37.0
9	38.56723859738998	39.0	39.0	39.0	38.0	39.0
10-14	38.869105114617994	39.4	39.2	39.4	37.6	39.4
15-19	40.127588627034186	41.0	40.0	41.0	38.0	41.0
20-24	37.763229870881204	41.0	38.2	41.0	27.0	41.0
25-29	39.80650609191662	41.0	40.0	41.0	37.8	41.0
30-34	39.7165570857022	41.0	40.0	41.0	37.6	41.0
35-39	39.72784977969227	41.0	40.0	41.0	37.0	41.0
40-44	39.455638960623546	41.0	39.2	41.0	36.2	41.0
45-49	39.33842162485454	41.0	39.0	41.0	35.2	41.0
50-54	38.80103391250982	40.0	37.8	41.0	35.0	41.0
55-59	38.30367721036045	39.8	36.6	41.0	34.6	41.0
60-64	37.715093578954566	38.8	35.2	40.8	34.0	41.0
65-69	36.903276533363154	37.2	35.0	39.6	33.6	41.0
70-74	35.91704971988331	35.8	35.0	38.4	33.0	40.0
75-79	34.766892936744114	35.0	34.0	36.2	31.4	38.8
80-84	34.559785631882995	35.0	34.0	35.8	32.2	37.0
85-89	33.927665883274514	35.0	34.0	35.0	31.0	36.0
90-94	33.836925287794756	35.0	34.0	35.0	31.0	35.6
95-99	33.72944292040076	35.0	34.0	35.0	31.0	35.0
100-104	34.148660877000836	34.8	34.4	34.8	31.8	34.8
105-109	36.97514513819361	37.4	37.4	37.4	35.4	37.4
110-114	38.54739628934059	39.4	39.2	39.4	37.0	39.4
115-119	39.498890469157224	41.0	39.4	41.0	37.0	41.0
120-124	39.444035537733015	41.0	39.4	41.0	37.0	41.0
125-129	39.131505832695765	40.0	38.8	41.0	36.0	41.0
130-134	38.83141398911206	40.0	38.2	41.0	35.2	41.0
135-139	38.40159208713934	40.0	38.0	41.0	34.2	41.0
140-144	37.913203488911805	40.0	37.6	40.6	33.2	41.0
145-149	37.23026078203044	39.0	36.2	40.0	31.8	41.0
150-154	36.25969929467637	37.8	34.8	39.6	30.8	40.2
155-159	36.176613530935725	38.0	34.6	39.8	30.4	40.4
160-164	35.17863299801603	36.4	33.6	38.8	29.0	40.0
165-169	33.93564204311173	35.2	32.0	37.6	27.4	39.4
170-174	32.64778325983838	34.0	30.8	36.2	26.0	38.4
175-179	31.424674409263083	33.2	29.4	34.8	25.0	36.4
180-184	30.317951911743187	31.8	28.8	34.0	23.4	35.2
185-189	29.331711212185695	31.0	27.0	34.0	21.0	34.6
190-194	28.479234438867433	30.2	25.8	33.2	20.0	34.0
195-199	28.47237013547079	30.0	25.2	32.4	20.4	34.0
200	29.818400478255583	31.0	27.0	33.0	25.0	34.0
>>END_MODULE
>>Per sequence quality scores	pass
#Quality	Count
24	1.0
25	21.0
26	817.0
27	6848.0
28	22295.0
29	47909.0
30	82188.0
31	132107.0
32	218539.0
33	392233.0
34	757094.0
35	1545740.0
36	3171515.0
37	3991781.0
38	764513.0
39	8541.0
>>END_MODULE
>>Per base sequence content	fail
#Base	G	A	T	C
1	25.483309009736573	13.352566448752166	13.21021899906345	47.953905542447814
2	20.330576672859827	22.323789118570208	37.37145215301965	19.974182055550315
3	22.827576600621317	26.31933787955673	24.633934839459055	26.219150680362898
4	25.661062298434178	32.39138399061868	18.502349009732598	23.445204701214543
5	25.722031259830906	33.89349333784738	21.380145741348194	19.004329660973518
6	19.22057715652879	35.89971299952918	23.795846435990494	21.08386340795154
7	17.580147515621324	16.18590931617996	43.08242526437017	23.151517903828545
8	19.469335429399482	21.099829817282888	29.254877563039493	30.175957190278137
9	21.092838342932623	21.48002601295155	31.314454617433523	26.1126810266823
10-14	22.50075434328516	28.04472604998213	25.57975656745355	23.874763039279163
15-19	23.056067711136162	26.602424897417105	26.365327717783437	23.976179673663296
20-24	23.825214244955937	27.134297309462298	25.82817135522833	23.212317090353437
25-29	23.070974470263923	27.024060534342482	26.23481649113879	23.670148504254808
30-34	22.923334111699905	26.86403252316975	26.352338922141737	23.860294442988607
35-39	23.002937677299936	27.01823061574549	26.36602173945822	23.61280996749636
40-44	23.094191404130374	26.879817184164413	26.485370586732788	23.540620824972432
45-49	23.02970649629129	26.838491198550514	26.470983765958106	23.660818539200093
50-54	23.124439301924244	26.870864112661184	26.511706811298165	23.49298977411641
55-59	23.090004315394776	26.807343282968034	26.566217166870544	23.536435234766646
60-64	23.0705914603614	26.68179160292661	26.670362908002794	23.577254028709195
65-69	23.09295260795528	26.82031260924193	26.65110434834913	23.435630434453657
70-74	23.16291443384864	26.779605305139548	26.67664253671427	23.380837724297546
75-79	23.194082330495487	26.663740077527326	26.743571484165546	23.398606107811638
80-84	23.10906903601102	26.721879976052016	26.798091494366133	23.370959493570833
85-89	23.160729140743662	26.71403985880557	26.796052288636652	23.329178711814112
90-94	23.102775344856493	26.67672125176083	26.95933431970033	23.261169083682347
95-99	23.081730995035674	26.74137813900719	26.93247593135173	23.24441493460541
100-104	23.133528325304464	24.614381915860392	24.150602104201177	28.101487654633967
105-109	20.368058743201527	26.290867815410003	29.820226042271226	23.52084739911725
110-114	22.233576536191794	28.714681226104332	25.673245480373748	23.37849675733013
115-119	22.810217657650995	27.33440234484662	26.359100065995495	23.49627993150689
120-124	22.68040626088066	27.697855009592853	26.402450968083972	23.219287761442516
125-129	22.68075564674907	27.697175348479487	26.31070640300543	23.31136260176601
130-134	22.6179746655186	27.529381599455455	26.36193163498342	23.49071210004253
135-139	22.7039200266198	27.63650001954323	26.359065277068954	23.300514676768014
140-144	22.78382284701831	27.444005803108034	26.50029227452016	23.271879075353496
145-149	22.776759365888495	27.3654204298173	26.432139240134312	23.425680964159895
150-154	22.856357572029875	27.284110399968725	26.4759247313441	23.383607296657296
155-159	22.814033998554443	27.279608186972286	26.507469044846736	23.39888876962653
160-164	22.73449338878432	27.209435989761428	26.65240915707968	23.403661464374576
165-169	22.715687347603144	27.407386521881183	26.69805252526644	23.17887360524923
170-174	22.68454820503732	27.455266736876382	26.736282185819444	23.123902872266857
175-179	22.61453689298009	27.413772330589147	26.87065525373088	23.10103552269988
180-184	22.421221455140127	27.561829845554197	27.02543188244173	22.991516816863943
185-189	22.218040232345896	27.71243715979666	27.141952402055907	22.927570205801533
190-194	21.823897623058738	27.815590448920613	27.42250253015026	22.93800939787039
195-199	21.00822506214974	28.182528152416396	27.816005366317185	22.99324141911668
200	20.379868682365338	28.389818830300328	27.63385076804604	23.596461719288293
>>END_MODULE
>>Per base GC content	fail
#Base	%GC
1	73.43721455218439
2	40.30475872841014
3	49.046727280984214
4	49.106266999648724
5	44.726360920804424
6	40.30444056448033
7	40.73166541944987
8	49.64529261967762
9	47.205519369614926
10-14	46.375517382564325
15-19	47.03224738479946
20-24	47.037531335309374
25-29	46.74112297451873
30-34	46.78362855468852
35-39	46.61574764479629
40-44	46.634812229102806
45-49	46.69052503549138
50-54	46.61742907604065
55-59	46.62643955016142
60-64	46.6478454890706
65-69	46.52858304240894
70-74	46.54375215814619
75-79	46.59268843830713
80-84	46.48002852958185
85-89	46.48990785255777
90-94	46.36394442853884
95-99	46.326145929641086
100-104	51.235015979938424
105-109	43.88890614231878
110-114	45.612073293521924
115-119	46.306497589157885
120-124	45.89969402232318
125-129	45.99211824851508
130-134	46.108686765561124
135-139	46.00443470338782
140-144	46.0557019223718
145-149	46.20244033004839
150-154	46.239964868687174
155-159	46.21292276818097
160-164	46.138154853158895
165-169	45.89456095285237
170-174	45.80845107730418
175-179	45.71557241567997
180-184	45.41273827200407
185-189	45.14561043814743
190-194	44.76190702092913
195-199	44.00146648126642
200	43.97633040165363
>>END_MODULE
>>Per sequence GC content	warn
#GC Content	Count
0	7.0
1	4.0
2	0.5
3	1.3333333333333333
4	3.3333333333333335
5	3.5
6	4.666666666666666
7	4.166666666666666
8	5.666666666666667
9	6.666666666666667
10	5.666666666666666
11	6.499999999999999
12	11.166666666666668
13	16.333333333333336
14	23.833333333333332
15	38.666666666666664
16	60.83333333333336
17	113.83333333333323
18	207.33333333333363
19	312.83333333333314
20	481.33333333333036
21	783.5000000000073
22	1259.666666666664
23	1976.9999999999407
24	3010.0000000000864
25	4610.166666666767
26	6707.833333332681
27	9684.99999999992
28	13780.000000002845
29	19109.666666667374
30	26212.16666665733
31	35231.8333333226
32	46540.16666668735
33	60883.333333395356
34	79768.33333332559
35	106152.33333317233
36	139350.99999980567
37	177005.5000002474
38	220247.33333411074
39	269965.1666677053
40	323453.3333330923
41	376402.9999985326
42	423123.333330627
43	461038.16666314
44	483560.33332949784
45	488133.3333295564
46	483151.83332979045
47	471355.4999968292
48	444615.6666641205
49	407638.99999835936
50	372259.9999991526
51	338519.16666625586
52	301614.66666687944
53	262452.83333401254
54	232223.3333338137
55	206137.00000029392
56	182435.00000011947
57	162878.83333335817
58	144522.8333332867
59	129700.99999990335
60	112966.83333327335
61	96451.99999997666
62	84495.99999999255
63	74012.66666667385
64	66043.16666668192
65	58352.33333334345
66	52334.33333333945
67	46558.33333333449
68	40490.33333333341
69	33733.16666666555
70	25541.8333333328
71	19170.666666666748
72	15358.500000000131
73	11264.333333333343
74	6684.333333333324
75	4205.500000000002
76	2543.5000000000005
77	1015.3333333333335
78	467.99999999999994
79	174.83333333333334
80	54.333333333333336
81	17.333333333333336
82	7.833333333333332
83	4.0
84	0.0
85	0.0
86	0.3333333333333333
87	0.3333333333333333
88	0.0
89	0.0
90	0.0
91	0.0
92	0.0
93	0.0
94	0.0
95	0.0
96	0.0
97	0.0
98	0.0
99	0.0
100	0.0
>>END_MODULE
>>Per base N content	pass
#Base	N-Count
1	0.6150792190585975
2	0.0025040068597223047
3	0.0
4	0.0
5	0.005591384493215039
6	0.0
7	0.0
8	0.0
9	0.0
10-14	0.0
15-19	0.0011523816515711252
20-24	0.5928716399414045
25-29	3.3207259430009057E-4
30-34	4.846464889785106E-5
35-39	5.384960988650118E-5
40-44	0.0
45-49	0.0
50-54	4.1284700912984235E-5
55-59	0.0015418938297501504
60-64	1.1128919376543576E-4
65-69	1.3103405072381952E-4
70-74	5.043913459368943E-4
75-79	0.001446759518950665
80-84	0.032921856497610605
85-89	0.0015472787907388004
90-94	0.025244697114791752
95-99	0.022484007114610457
100-104	0.023365495458267875
105-109	0.004528969816615137
110-114	0.0018885932147405706
115-119	7.936274659167976E-4
120-124	0.0022090855269552615
125-129	2.7848348887564466E-4
130-134	0.0015908194510518875
135-139	4.496829591239629E-5
140-144	1.0802642261481306E-5
145-149	1.2621213913042036E-5
150-154	5.582429001049605E-4
155-159	1.0946973712827926E-4
160-164	8.941612866060119E-5
165-169	1.9957884949445894E-4
170-174	0.0015884024901307123
175-179	4.057903861731402E-4
180-184	5.466261382013438E-5
185-189	0.0
190-194	1.314897778944284E-4
195-199	6.921514959800629E-5
200	0.0
>>END_MODULE
>>Sequence Length Distribution	warn
#Length	Count
100-104	261.0
105-109	804.0
110-114	1457.0
115-119	2421.0
120-124	3667.0
125-129	4770.0
130-134	6459.0
135-139	9014.0
140-144	13311.0
145-149	21954.0
150-154	203283.0
155-159	246889.0
160-164	286120.0
165-169	302277.0
170-174	331591.0
175-179	379414.0
180-184	481148.0
185-189	697431.0
190-194	1105438.0
195-199	2109833.0
200-201	4934600.0
>>END_MODULE
>>Sequence Duplication Levels	fail
#Total Duplicate Percentage	53.287000009193115
#Duplication Level	Relative count
1	100.0
2	32.306693169070904
3	15.609194497471119
4	9.265345482455277
5	5.987640958022554
6	4.386672701867632
7	3.312144529943125
8	2.6046484167437467
9	2.177592348414776
10++	21.150099384015903
>>END_MODULE
>>Overrepresented sequences	pass
>>END_MODULE
>>Kmer Content	warn
#Sequence	Count	Obs/Exp Overall	Obs/Exp Max	Max Obs/Exp Position
TCTTC	5637140	2.5653205	5.5910106	7
CTTCT	5262960	2.3950403	5.273958	1
AAGAA	5977460	2.365784	5.2477474	2
CTTCA	5014000	2.2460206	6.7120314	1
CTCCT	4168945	2.1319656	5.7979493	1
CTCCA	3838055	1.9320213	6.841492	1
CTTGG	3317010	1.8383211	6.7806435	1
CTTGA	3772745	1.7593296	6.1541142	1
CTTTG	3586470	1.6990662	6.0189385	1
CTCAA	3807635	1.6789254	7.1521554	1
ATCAA	4238560	1.6370798	5.042234	6
TTTGA	3884080	1.6117831	5.0769405	2
TCCAA	3626715	1.5991513	5.836884	7
CTGGA	2763885	1.5077912	5.7644653	1
CTTTT	3664945	1.4841541	5.4446316	1
CTCAG	2759485	1.446069	6.390723	1
AGATC	3020570	1.3865172	5.292465	4
ATCCA	3115845	1.3738899	5.87116	6
AAATC	3324980	1.2842232	5.1535687	4
CTCGA	2219795	1.1632521	5.2562957	1
>>END_MODULE
