##FastQC	0.10.1
>>Basic Statistics	pass
#Measure	Value	
Filename	SRR1642915_AdapTrimmed2.fastq	
File type	Conventional base calls	
Encoding	Sanger / Illumina 1.9	
Total Sequences	21213480	
Filtered Sequences	0	
Sequence length	0-202	
%GC	47	
>>END_MODULE
>>Per base sequence quality	pass
#Base	Mean	Median	Lower Quartile	Upper Quartile	10th Percentile	90th Percentile
1	31.8944600462477	34.0	31.0	34.0	30.0	34.0
2	32.08907451632596	34.0	31.0	34.0	30.0	34.0
3	32.172092383092114	34.0	31.0	34.0	30.0	34.0
4	35.516917204220626	37.0	37.0	37.0	33.0	37.0
5	35.27991481665546	37.0	35.0	37.0	33.0	37.0
6	35.19345216090633	37.0	35.0	37.0	33.0	37.0
7	35.17642600329557	37.0	35.0	37.0	33.0	37.0
8	35.12672860988405	37.0	35.0	37.0	33.0	37.0
9	36.79085250167589	39.0	37.0	39.0	33.0	39.0
10-14	36.989640301123096	39.4	37.4	39.4	33.0	39.4
15-19	38.00557049019144	40.6	38.0	41.0	33.0	41.0
20-24	37.86032841393083	40.0	38.0	41.0	33.0	41.0
25-29	37.62048637461739	40.0	38.0	41.0	32.2	41.0
30-34	37.305996830482044	40.0	38.0	41.0	31.4	41.0
35-39	36.9496350047295	40.0	37.2	41.0	30.6	41.0
40-44	36.67359084810322	40.0	37.0	41.0	30.0	41.0
45-49	36.40398195507638	40.0	35.8	41.0	30.0	41.0
50-59	35.73385864217583	39.0	35.0	41.0	28.7	41.0
60-69	34.51612299774726	36.8	34.4	39.8	27.1	41.0
70-79	32.67571052278915	34.9	33.1	37.1	25.3	39.2
80-89	31.731231704555995	35.0	33.0	35.2	24.5	36.5
90-99	30.89924210043437	35.0	33.0	35.0	19.4	35.2
100-109	33.18850352669918	35.5	33.1	35.7	25.8	35.7
110-119	37.347592308115225	39.7	37.5	40.0	32.9	40.0
120-129	37.797277021323225	40.0	38.0	41.0	32.2	41.0
130-139	37.24765483286073	40.0	37.7	41.0	30.8	41.0
140-149	36.45022176932097	39.9	36.2	41.0	29.6	41.0
150-159	35.37457752724821	38.7	34.7	40.5	27.6	40.8
160-169	34.62874286591379	37.1	34.5	40.0	26.2	41.0
170-179	33.21215298132232	35.2	34.0	37.6	25.8	39.8
180-189	31.7805924276819	35.0	33.1	35.4	23.7	36.7
190-199	30.801714413775336	35.0	33.0	35.0	15.7	35.3
200-202	30.024292290763487	34.666666666666664	31.666666666666668	35.0	2.0	35.0
>>END_MODULE
>>Per sequence quality scores	pass
#Quality	Count
2	103152.0
3	49558.0
4	44088.0
5	48538.0
6	54508.0
7	52920.0
8	49466.0
9	49731.0
10	52885.0
11	55059.0
12	59179.0
13	64238.0
14	65922.0
15	68260.0
16	73731.0
17	79649.0
18	89866.0
19	104175.0
20	104629.0
21	99150.0
22	105364.0
23	112727.0
24	123752.0
25	141859.0
26	159603.0
27	180163.0
28	214756.0
29	255237.0
30	315529.0
31	399086.0
32	477751.0
33	627779.0
34	897304.0
35	1428352.0
36	2771110.0
37	5165427.0
38	5884307.0
39	546992.0
40	169.0
>>END_MODULE
>>Per base sequence content	fail
#Base	G	A	T	C
1	24.126035266540548	12.758699243227284	9.246025766371057	53.86923972386111
2	20.72029694708908	20.379629649355405	38.318502311821426	20.581571091734087
3	22.72471194733633	24.564236883855827	23.75721265007125	28.953838518736593
4	26.563394114577367	30.566929611133265	18.142609410501173	24.7270668637882
5	27.40816892264899	33.15099878454165	20.926392505384268	18.5144397874251
6	20.582386100407692	36.53169641145435	22.87835235808876	20.007565130049194
7	18.639068852053622	18.75245939474094	40.75432564273289	21.85414611047255
8	19.108881014513564	22.047486997196973	30.57605598995698	28.267575998332482
9	21.70184956533472	21.047445990221362	32.362278532460174	24.888425911983745
10-14	23.009578919116333	28.101889418954844	25.298786100707154	23.58974556122167
15-19	23.61610869523833	26.566777214836396	25.65206491758147	24.165049172343807
20-24	23.449805898298326	26.916316351080006	25.824667141243946	23.809210609377722
25-29	23.370921572002906	26.882087784939618	25.856048078109602	23.890942564947874
30-34	23.445661629889738	26.68331038684231	25.79073747144121	24.08029051182674
35-39	23.58316577425409	26.747494753253015	25.804095343856243	23.86524412863665
40-44	23.551498744913243	26.591133872987317	25.91520057928504	23.942166802814402
45-49	23.575263143879507	26.575523214749104	25.831190047217152	24.01802359415424
50-59	23.708507905732333	26.55728423710232	25.85625268955199	23.877955167613358
60-69	23.76553873751997	26.512994315640583	25.879982155505015	23.84148479133443
70-79	23.85778825143758	26.496403144821457	25.85417507425082	23.79163352949015
80-89	23.95954285333466	26.492920683712583	25.851680453777842	23.695856009174918
90-99	24.074304207061665	26.461124329603823	25.82586718915394	23.63870427418057
100-109	22.495274698419564	24.85921216157149	25.657550719372825	26.98796242063612
110-119	22.658581772300497	26.663026906532206	26.40217419502825	24.27621712613905
120-129	22.954147972038868	26.69863419356084	26.097666909591343	24.24955092480895
130-139	23.06116774960604	26.59594447192908	26.07558629176176	24.267301486703126
140-149	23.096862780862192	26.457433379830054	26.1763851136325	24.269318725675255
150-159	23.238730496788804	26.390331243770998	26.090102979443873	24.280835279996325
160-169	23.33943052947412	26.385245317343497	26.13483946215754	24.14048469102484
170-179	23.426475995529486	26.30237514071171	26.14541251986937	24.125736343889432
180-189	23.565152636926104	26.256014225112377	26.078360406889416	24.100472731072102
190-199	23.643626746803186	26.269687374436273	26.098975824089194	23.98771005467135
200-202	23.693697717726454	26.11450920751026	25.85883902927007	24.332954045493214
>>END_MODULE
>>Per base GC content	fail
#Base	%GC
1	77.99527499040167
2	41.301868038823166
3	51.67855046607293
4	51.29046097836556
5	45.92260871007409
6	40.58995123045688
7	40.493214962526174
8	47.376457012846046
9	46.590275477318464
10-14	46.599324480338
15-19	47.78115786758214
20-24	47.25901650767605
25-29	47.261864136950784
30-34	47.52595214171647
35-39	47.448409902890745
40-44	47.493665547727645
45-49	47.59328673803375
50-59	47.58646307334569
60-69	47.607023528854405
70-79	47.649421780927725
80-89	47.65539886250958
90-99	47.713008481242234
100-109	49.48323711905569
110-119	46.934798898439546
120-129	47.20369889684782
130-139	47.32846923630916
140-149	47.366181506537444
150-159	47.51956577678513
160-169	47.47991522049897
170-179	47.55221233941892
180-189	47.6656253679982
190-199	47.63133680147453
200-202	48.02665176321967
>>END_MODULE
>>Per sequence GC content	fail
#GC Content	Count
0	53260.5
1	53257.0
2	53251.833333333336
3	53257.333333333336
4	53281.16666666667
5	53324.50000000001
6	53403.66666666667
7	53477.83333333333
8	53647.333333333336
9	53802.0
10	53928.00000000001
11	54065.16666666668
12	54123.83333333336
13	55366.16666666669
14	56652.833333333365
15	56885.833333333365
16	57097.1666666668
17	57886.00000000021
18	58765.83333333369
19	59236.66666666726
20	59710.00000000117
21	60433.00000000194
22	61464.500000003434
23	62732.333333339244
24	64564.66666667717
25	68312.50000001241
26	73174.66666667585
27	78436.50000000122
28	85676.3333333111
29	95223.66666659589
30	107320.49999985064
31	121984.83333306963
32	139124.33333308474
33	158705.16666668627
34	181697.6666670635
35	210103.33333427587
36	244728.33333500367
37	287849.5000010815
38	342774.1666654978
39	409075.9999958456
40	481750.8333256796
41	555484.6666597365
42	623120.499999404
43	672839.3333375002
44	695945.3333397184
45	697504.6666732009
46	679497.5000047946
47	647718.3333350859
48	605729.8333311167
49	561279.4999937182
50	493009.99999147974
51	428711.1666609773
52	391106.3333295517
53	355150.1666646979
54	321760.6666663277
55	288640.66666791635
56	259384.0000024245
57	236309.16666852197
58	217484.66666806603
59	198768.3333342863
60	182035.3333338894
61	165687.166666849
62	152061.33333321553
63	138475.99999958457
64	121770.99999952747
65	107984.66666635059
66	95524.8333331567
67	83726.83333328363
68	73245.33333338588
69	62827.00000011112
70	52845.000000060165
71	44449.000000020555
72	37264.666666658944
73	30823.16666664839
74	25676.499999991927
75	20369.499999999258
76	16348.500000003127
77	14644.33333333506
78	13182.500000000873
79	11990.666666667003
80	11114.16666666676
81	10446.166666666688
82	9875.333333333336
83	8657.666666666633
84	7512.3333333333085
85	7290.666666666652
86	7078.499999999993
87	7029.83333333333
88	5427.499999999999
89	3820.3333333333344
90	3463.166666666667
91	3107.8333333333326
92	2762.6666666666665
93	2356.166666666666
94	2167.1666666666665
95	2018.5
96	1974.8333333333333
97	1961.0
98	1954.0
99	1953.8333333333335
100	1952.5
>>END_MODULE
>>Per base N content	pass
#Base	N-Count
1	0.18656051238453245
2	0.0
3	0.0
4	0.0
5	0.0023976888175205285
6	1.9431758507792608E-4
7	0.0
8	0.0
9	0.0
10-14	0.0
15-19	0.0
20-24	0.0
25-29	0.0
30-34	0.0
35-39	0.0
40-44	0.0
45-49	0.0
50-59	0.0
60-69	0.0
70-79	0.0
80-89	1.0976789149816182E-5
90-99	1.9519594618586165E-4
100-109	1.8231015022738178E-4
110-119	0.015298303312928597
120-129	0.03224360225003178
130-139	0.09926549054029855
140-149	0.16284496230284254
150-159	0.20639895264250452
160-169	0.36402613424681346
170-179	0.35104155177825663
180-189	0.42744131532554824
190-199	0.5337252925260842
200-202	0.5359850259121818
>>END_MODULE
>>Sequence Length Distribution	fail
#Length	Count
0-4	109824.0
5-9	22408.0
10-14	27194.0
15-19	25281.0
20-24	18202.0
25-29	12775.0
30-34	10203.0
35-39	8245.0
40-44	6977.0
45-49	6648.0
50-54	5633.0
55-59	4845.0
60-64	1908.0
65-69	33.0
70-74	0.0
75-79	0.0
80-84	0.0
85-89	0.0
90-94	0.0
95-99	0.0
100-104	0.0
105-109	0.0
110-114	0.0
115-119	0.0
120-124	0.0
125-129	0.0
130-134	0.0
135-139	0.0
140-144	0.0
145-149	0.0
150-154	0.0
155-159	0.0
160-164	1.0
165-169	0.0
170-174	0.0
175-179	0.0
180-184	0.0
185-189	5923.0
190-194	47075.0
195-199	597499.0
200-203	2.0302806E7
>>END_MODULE
>>Sequence Duplication Levels	fail
#Total Duplicate Percentage	58.168083097261565
#Duplication Level	Relative count
1	100.0
2	32.62079029573386
3	18.179538044097864
4	11.871537040837266
5	8.551656520053811
6	6.410607200674921
7	5.122329388695078
8	4.044964315844677
9	3.458968921722872
10++	37.75338030417037
>>END_MODULE
>>Overrepresented sequences	warn
#Sequence	Count	Percentage	Possible Source
A	51422	0.24240247239019716	No Hit
	37509	0.17681681647707023	No Hit
>>END_MODULE
>>Kmer Content	warn
#Sequence	Count	Obs/Exp Overall	Obs/Exp Max	Max Obs/Exp Position
GAAGA	10777210	2.5976808	5.2788825	2
TCTTC	11103180	2.5917413	5.16822	7
CTTCT	10318575	2.4085963	5.5451403	1
CTCCT	9618840	2.4008362	7.206114	1
AAGAA	10932685	2.3339832	5.5109286	2
CTTCA	9531640	2.1910574	6.914481	1
CTCCA	8041455	1.9765888	7.8205113	1
CTTGA	6972670	1.6666332	5.888344	1
CTCAA	7020325	1.5892243	6.7854614	1
CTTGG	5853545	1.5796776	6.337361	1
CTTTG	6462970	1.5686687	5.634849	1
CTCCC	5691115	1.5189124	5.248247	1
AGATC	6305740	1.4842901	5.183874	4
GATCT	6081515	1.453626	5.2478905	5
CTGAA	6127460	1.4423256	5.2938447	1
CTGGA	5193385	1.3801994	6.3107324	1
CTCAG	5301160	1.3549005	6.411225	1
CTCCG	4754650	1.3194981	5.024305	1
CTCGA	4845335	1.2383982	5.7832994	1
CTGGG	3382565	1.0149531	5.1864996	1
CTCGG	3333890	0.9620469	5.3835483	1
>>END_MODULE
