##FastQC	0.10.1
>>Basic Statistics	pass
#Measure	Value	
Filename	SRR1642915_AdapTrimmed.fastq	
File type	Conventional base calls	
Encoding	Sanger / Illumina 1.9	
Total Sequences	21213480	
Filtered Sequences	0	
Sequence length	0-202	
%GC	47	
>>END_MODULE
>>Per base sequence quality	pass
#Base	Mean	Median	Lower Quartile	Upper Quartile	10th Percentile	90th Percentile
1	31.89944420445301	34.0	31.0	34.0	30.0	34.0
2	32.08857345445036	34.0	31.0	34.0	30.0	34.0
3	32.17180090904632	34.0	31.0	34.0	30.0	34.0
4	35.517550113179844	37.0	37.0	37.0	33.0	37.0
5	35.27964735236104	37.0	35.0	37.0	33.0	37.0
6	35.193407156727076	37.0	35.0	37.0	33.0	37.0
7	35.175929183955425	37.0	35.0	37.0	33.0	37.0
8	35.12642532720094	37.0	35.0	37.0	33.0	37.0
9	36.790592403471635	39.0	37.0	39.0	33.0	39.0
10-14	36.98943083816526	39.4	37.4	39.4	33.0	39.4
15-19	38.0054270606773	40.6	38.0	41.0	33.0	41.0
20-24	37.86000904896802	40.0	38.0	41.0	33.0	41.0
25-29	37.61998320277852	40.0	38.0	41.0	32.2	41.0
30-34	37.305370271177516	40.0	38.0	41.0	31.4	41.0
35-39	36.94872950291733	40.0	37.2	41.0	30.6	41.0
40-44	36.67260287257908	40.0	37.0	41.0	30.0	41.0
45-49	36.40298636096985	40.0	35.8	41.0	30.0	41.0
50-59	35.732834680138694	39.0	35.0	41.0	28.7	41.0
60-69	34.51400845140713	36.8	34.4	39.8	27.1	41.0
70-79	32.671542787567475	34.9	33.1	37.1	25.3	39.2
80-89	31.72643776816252	35.0	33.0	35.2	24.5	36.5
90-99	30.894288642936125	35.0	33.0	35.0	19.4	35.2
100-109	33.184282309819935	35.5	33.1	35.7	25.7	35.7
110-119	37.34275835458847	39.7	37.5	40.0	32.9	40.0
120-129	37.79214930750867	40.0	38.0	41.0	32.1	41.0
130-139	37.24243496101545	40.0	37.7	41.0	30.8	41.0
140-149	36.44498715148536	39.9	36.2	41.0	29.6	41.0
150-159	35.3694307944816	38.7	34.7	40.5	27.6	40.8
160-169	34.623470999743034	37.1	34.4	40.0	26.2	41.0
170-179	33.206817658114495	35.2	34.0	37.6	25.7	39.8
180-189	31.77542429050913	35.0	33.1	35.4	23.7	36.7
190-199	30.79537852493266	35.0	33.0	35.0	15.7	35.3
200-202	30.014002806889184	34.666666666666664	31.666666666666668	35.0	2.0	35.0
>>END_MODULE
>>Per sequence quality scores	pass
#Quality	Count
2	101966.0
3	49593.0
4	44118.0
5	48542.0
6	54483.0
7	52841.0
8	49487.0
9	49785.0
10	52162.0
11	55196.0
12	59385.0
13	64852.0
14	66686.0
15	68609.0
16	72948.0
17	79970.0
18	89999.0
19	104215.0
20	104586.0
21	99124.0
22	105028.0
23	111908.0
24	123547.0
25	140887.0
26	157696.0
27	178908.0
28	212576.0
29	255338.0
30	310765.0
31	381640.0
32	476972.0
33	626814.0
34	881745.0
35	1427802.0
36	2770186.0
37	5162155.0
38	5883763.0
39	549303.0
40	174.0
>>END_MODULE
>>Per base sequence content	fail
#Base	G	A	T	C
1	24.189431513675792	12.545214165473793	9.267400577208571	53.997953743641844
2	20.723669572518443	20.378064338008688	38.31701872749104	20.581247361981823
3	22.72669766264984	24.557020317463564	23.760686237355443	28.95559578253115
4	26.577760502567127	30.529018002979434	18.150809462012322	24.742412032441113
5	27.41558847873449	33.140542011394416	20.92805497585575	18.515814534015345
6	20.59252615731172	36.512985744786555	22.88285999249127	20.01162810541046
7	18.64312958696709	18.746712800996495	40.75372966416737	21.856427947869044
8	19.11184945970917	22.037834227673482	30.577452196288085	28.27286411632926
9	21.706846543206435	21.034633480871708	32.36486731316438	24.89365266275748
10-14	23.014747528220127	28.085370067948396	25.30271325576357	23.597169148067906
15-19	23.62121990302175	26.550704171857692	25.65673738173174	24.171338543388813
20-24	23.452087209158837	26.904367747755625	25.828002296281817	23.81554274680372
25-29	23.37230249159175	26.87335812058176	25.85794556315492	23.89639382467157
30-34	23.44620189597253	26.674577483171706	25.794779526014583	24.08444109484118
35-39	23.582402831923176	26.742278647002866	25.808134726963043	23.867183794110915
40-44	23.551820085898015	26.585741949197754	25.918764539618945	23.943673425285283
45-49	23.57719858037635	26.56847811928504	25.833426289445754	24.020897010892856
50-59	23.7087641315144	26.54996044096612	25.86066013642882	23.880615291090663
60-69	23.763047281843114	26.517327686224	25.8795938371623	23.84003119477058
70-79	23.85568721659162	26.501867104958514	25.852796658679967	23.789649019769897
80-89	23.958892154430117	26.496455465855647	25.850230365456394	23.694422014257842
90-99	24.07427681357608	26.46358841658001	25.82421251719475	23.63792225264916
100-109	22.49674704276767	24.860057775570578	25.655928461767925	26.987266719893828
110-119	22.660729756937076	26.662959438847793	26.400655205539508	24.275655598675623
120-129	22.956541880907075	26.699158094074964	26.095919915346393	24.248380109671565
130-139	23.063295531107233	26.596045088918924	26.074384657397122	24.26627472257672
140-149	23.099572062623057	26.456890760492076	26.174828731393546	24.268708445491324
150-159	23.24004762108734	26.390478112155485	26.089239513070183	24.280234753686994
160-169	23.339596980229324	26.38723852989048	26.13350654477977	24.139657945100417
170-179	23.426831774773245	26.303680546434936	26.144227901551353	24.125259777240466
180-189	23.566318345150293	26.254309629250432	26.07805770264741	24.101314322951865
190-199	23.707428314455935	26.166921707396956	26.11927621177222	24.00637376637489
200-202	23.537543996495334	25.296599849923073	26.57397600877732	24.591880144804275
>>END_MODULE
>>Per base GC content	fail
#Base	%GC
1	78.18738525731764
2	41.30491693450027
3	51.682293445180996
4	51.32017253500825
5	45.93140301274984
6	40.60415426272218
7	40.499557534836136
8	47.384713576038436
9	46.600499205963914
10-14	46.61191667628803
15-19	47.79255844641056
20-24	47.26762995596256
25-29	47.26869631626332
30-34	47.5306429908137
35-39	47.44958662603409
40-44	47.4954935111833
45-49	47.5980955912692
50-59	47.58937942260506
60-69	47.603078476613696
70-79	47.645336236361516
80-89	47.65331416868796
90-99	47.71219906622524
100-109	49.48401376266149
110-119	46.9363853556127
120-129	47.20492199057863
130-139	47.329570253683954
140-149	47.36828050811438
150-159	47.52028237477433
160-169	47.47925492532975
170-179	47.55209155201371
180-189	47.66763266810216
190-199	47.713802080830824
200-202	48.1294241412996
>>END_MODULE
>>Per sequence GC content	fail
#GC Content	Count
0	1602.5
1	1599.0
2	1593.3333333333333
3	1595.3333333333333
4	1614.1666666666665
5	1647.1666666666665
6	1704.8333333333333
7	1776.3333333333335
8	1842.666666666667
9	1887.5
10	2043.0
11	2202.666666666667
12	2242.333333333333
13	2432.5000000000005
14	2657.5000000000014
15	2806.1666666666674
16	2939.666666666671
17	4377.00000000001
18	5872.333333333305
19	6294.833333333282
20	6734.833333333219
21	7364.333333333099
22	8363.166666666217
23	9595.166666666526
24	11348.166666667568
25	14697.83333333687
26	19186.000000000873
27	24426.166666656838
28	31488.499999973083
29	40839.00000000755
30	52844.33333340399
31	67349.83333345641
32	83889.99999994092
33	103040.33333305044
34	126044.33333277272
35	154743.9999999388
36	189757.50000078755
37	233052.33333520908
38	286675.666668067
39	352013.3333314479
40	425080.8333276655
41	499217.1666570952
42	567000.6666601752
43	616423.9999986736
44	639766.3333344359
45	641501.6666679565
46	623934.8333328061
47	592501.3333295402
48	550126.4999918733
49	505545.33332357084
50	465545.1666590562
51	429838.8333276238
52	392366.1666628449
53	356447.49999796954
54	322811.9999996046
55	289675.5000011917
56	260624.3333357762
57	237528.0000018745
58	218021.00000140717
59	199257.33333429747
60	183056.33333391199
61	166961.8333335445
62	153438.66666658054
63	141319.49999965186
64	126170.66666616153
65	112653.33333298123
66	100699.83333311252
67	89156.33333323474
68	78894.16666666586
69	68699.0000000856
70	59234.500000079264
71	51320.000000042884
72	43898.83333334757
73	37233.166666661025
74	32139.333333319802
75	28182.1666666596
76	25468.833333329785
77	23580.833333331517
78	21979.999999999214
79	20641.333333333143
80	19635.666666666675
81	18886.8333333334
82	18187.666666666722
83	15612.833333333429
84	13103.833333333374
85	12842.666666666686
86	12550.00000000001
87	12417.83333333334
88	11819.000000000002
89	11199.833333333336
90	10232.166666666664
91	9284.333333333332
92	9121.666666666666
93	8770.166666666664
94	8353.666666666666
95	8100.5
96	8017.333333333333
97	7964.5
98	7942.0
99	7938.333333333334
100	7936.5
>>END_MODULE
>>Per base N content	pass
#Base	N-Count
1	0.186701028517136
2	0.0
3	0.0
4	0.0
5	0.0023978287991938746
6	1.943544212146668E-4
7	0.0
8	0.0
9	0.0
10-14	0.0
15-19	0.0
20-24	0.0
25-29	0.0
30-34	0.0
35-39	0.0
40-44	0.0
45-49	0.0
50-59	0.0
60-69	0.0
70-79	0.0
80-89	1.0975110929740776E-5
90-99	1.9516610305495553E-4
100-109	1.82282277180912E-4
110-119	0.015295010027433959
120-129	0.03224010412421764
130-139	0.09925747171236736
140-149	0.16283390343467527
150-159	0.20638839256998354
160-169	0.36402010732017404
170-179	0.351046574698732
180-189	0.4274585563192317
190-199	0.5341221863132678
200-202	0.538333601168788
>>END_MODULE
>>Sequence Length Distribution	fail
#Length	Count
0-4	111056.0
5-9	24952.0
10-14	25491.0
15-19	23448.0
20-24	17108.0
25-29	11997.0
30-34	9677.0
35-39	8004.0
40-44	6763.0
45-49	6508.0
50-54	5488.0
55-59	4794.0
60-64	1629.0
65-69	57.0
70-74	0.0
75-79	0.0
80-84	0.0
85-89	0.0
90-94	0.0
95-99	0.0
100-104	0.0
105-109	0.0
110-114	0.0
115-119	0.0
120-124	0.0
125-129	0.0
130-134	0.0
135-139	0.0
140-144	0.0
145-149	0.0
150-154	0.0
155-159	0.0
160-164	1.0
165-169	0.0
170-174	0.0
175-179	0.0
180-184	0.0
185-189	12652.0
190-194	53426.0
195-199	672792.0
200-203	2.0217637E7
>>END_MODULE
>>Sequence Duplication Levels	fail
#Total Duplicate Percentage	58.16526537172071
#Duplication Level	Relative count
1	100.0
2	32.61439547661932
3	18.179020086181346
4	11.868174460226625
5	8.549736668110622
6	6.416862360639293
7	5.123002211531885
8	4.0366156722372954
9	3.462073368140261
10++	37.74309751259661
>>END_MODULE
>>Overrepresented sequences	warn
#Sequence	Count	Percentage	Possible Source
	87726	0.41353893844857137	No Hit
>>END_MODULE
>>Kmer Content	warn
#Sequence	Count	Obs/Exp Overall	Obs/Exp Max	Max Obs/Exp Position
GAAGA	10715560	2.5880265	5.3005843	2
TCTTC	11106980	2.5878987	5.1592894	7
CTTCT	10322605	2.4051414	5.535699	1
CTCCT	9619135	2.3970656	7.1951547	1
AAGAA	10925375	2.3390856	5.5257177	2
CTTCA	9526145	2.1884086	6.9090805	1
CTCCA	8039765	1.9753643	7.8174562	1
CTTGA	6983570	1.6683998	5.8853884	1
CTCAA	7015675	1.5890611	6.788917	1
CTTGG	5856755	1.5784243	6.3301673	1
CTTTG	6466870	1.566956	5.627185	1
CTCCC	5691585	1.5169446	5.241437	1
AGATC	6303125	1.4846991	5.187332	4
GATCT	6081570	1.4529088	5.245591	5
CTGAA	6125175	1.4427831	5.2981577	1
CTGGA	5195975	1.380682	6.3066406	1
CTCAG	5295035	1.3529571	6.4081917	1
CTCCG	4757970	1.3187717	5.0181665	1
CTCGA	4847755	1.2386707	5.777878	1
CTGGG	3385225	1.0147481	5.181794	1
CTCGG	3335970	0.9615712	5.377681	1
>>END_MODULE
