##FastQC	0.11.3
>>Basic Statistics	pass
#Measure	Value
Filename	SRR1639681_2.fastq
File type	Conventional base calls
Encoding	Sanger / Illumina 1.9
Total Sequences	1463330
Sequences flagged as poor quality	0
Sequence length	47-100
%GC	45
>>END_MODULE
>>Per base sequence quality	pass
#Base	Mean	Median	Lower Quartile	Upper Quartile	10th Percentile	90th Percentile
1	33.13453424723063	34.0	33.0	34.0	31.0	34.0
2	33.31260686243021	34.0	34.0	34.0	31.0	34.0
3	33.37454299440318	34.0	34.0	34.0	31.0	34.0
4	36.62200597267876	37.0	37.0	37.0	35.0	37.0
5	36.60969842755906	37.0	37.0	37.0	35.0	37.0
6	36.602077453479396	37.0	37.0	37.0	35.0	37.0
7	36.578939815352655	37.0	37.0	37.0	35.0	37.0
8	36.55704113221215	37.0	37.0	37.0	35.0	37.0
9	38.40337517853116	39.0	39.0	39.0	37.0	39.0
10-11	38.32652135881858	39.0	39.0	39.0	37.0	39.0
12-13	38.24124770215877	39.0	39.0	39.0	37.0	39.0
14-15	39.75487005665161	41.0	40.0	41.0	38.0	41.0
16-17	39.607572112920536	41.0	40.0	41.0	37.0	41.0
18-19	39.675232175927505	41.0	40.0	41.0	37.5	41.0
20-21	39.643001236904865	41.0	40.0	41.0	38.0	41.0
22-23	39.55512017111656	41.0	40.0	41.0	37.0	41.0
24-25	39.43409210499341	40.5	39.0	41.0	37.0	41.0
26-27	39.301050002391804	40.0	39.0	41.0	36.5	41.0
28-29	39.14197788605441	40.0	39.0	41.0	36.0	41.0
30-31	39.088494392925725	40.0	39.0	41.0	36.0	41.0
32-33	38.99615363588528	40.0	38.5	41.0	36.0	41.0
34-35	38.6900268565532	40.0	38.0	41.0	35.0	41.0
36-37	38.567405506618464	40.0	38.0	41.0	35.0	41.0
38-39	38.459540226743115	40.0	38.0	41.0	34.5	41.0
40-41	38.30163121100503	40.0	38.0	41.0	34.0	41.0
42-43	38.048033252923126	40.0	38.0	41.0	33.5	41.0
44-45	37.79081444376867	40.0	37.0	40.0	33.0	41.0
46-47	37.50130660889889	39.0	37.0	40.0	33.0	41.0
48-49	37.21279557605275	39.0	36.0	40.0	32.0	41.0
50-51	36.26662934899262	38.0	35.0	39.5	30.5	40.5
52-53	36.39693611114201	38.0	35.0	39.5	31.0	40.0
54-55	36.717096635783236	38.0	35.0	40.0	31.0	41.0
56-57	36.56414408962782	38.0	35.0	40.0	31.0	41.0
58-59	36.2649392325225	38.0	35.0	40.0	31.0	40.0
60-61	35.84273727926704	37.5	34.0	39.0	30.5	40.0
62-63	35.19882364186882	36.5	34.0	39.0	29.0	40.0
64-65	34.7112599153476	36.0	33.0	38.0	28.5	40.0
66-67	34.21497745070212	35.0	32.5	38.0	28.0	39.5
68-69	33.73809029678534	35.0	32.0	37.5	27.5	39.0
70-71	33.15966942685097	34.0	31.0	36.5	26.0	39.0
72-73	32.66293124663733	34.0	31.0	36.0	26.0	38.0
74-75	32.16128053444989	34.0	30.0	35.5	26.0	37.5
76-77	31.65945281539551	33.0	30.0	35.0	25.0	36.5
78-79	31.110572075551865	33.0	29.0	34.5	25.0	36.0
80-81	30.728796214701013	32.0	29.0	34.0	24.0	36.0
82-83	30.273579870589558	32.0	29.0	34.0	23.5	35.0
84-85	29.867610865961808	31.0	28.0	34.0	23.0	35.0
86-87	29.52845807018052	31.0	27.0	34.0	21.5	35.0
88-89	29.07822306364983	31.0	26.5	34.0	20.0	34.5
90-91	28.653026009389208	30.5	26.0	33.5	20.0	34.0
92-93	28.455558767361346	30.0	26.0	33.0	20.0	34.0
94-95	28.32560913465352	30.0	25.0	33.0	20.0	34.0
96-97	28.327914022351933	30.0	25.0	33.0	20.0	34.0
98-99	28.770031500538252	30.0	25.5	32.0	21.5	34.0
100	29.85325826440879	31.0	27.0	33.0	25.0	34.0
>>END_MODULE
>>Per sequence quality scores	pass
#Quality	Count
24	4.0
25	160.0
26	1301.0
27	4914.0
28	10528.0
29	17216.0
30	25751.0
31	37964.0
32	56718.0
33	90263.0
34	159018.0
35	311230.0
36	453799.0
37	244669.0
38	42103.0
39	7687.0
40	5.0
>>END_MODULE
>>Per base sequence content	fail
#Base	G	A	T	C
1	25.184510549613748	13.541987175542456	14.14669768166956	47.126804593174235
2	19.648458888775718	23.415293056881904	36.92521497081428	20.011033083528098
3	22.28294901137243	27.482164781287853	24.74986943170663	25.485016775633085
4	24.760319819715104	33.21814827830934	18.816347070302083	23.205184831673474
5	24.831059486885703	34.936932293222625	21.769313908393055	18.46269431149862
6	18.64910854011057	36.62201964013585	24.134337435848373	20.594534383905202
7	16.949491912282262	16.687691771507453	43.52299207970861	22.839824236501677
8	19.39528336055435	22.172989004530763	29.157606281563286	29.2741213533516
9	20.351404229670838	22.661206058241174	31.539318909144832	25.44807080294315
10-11	23.158425263575122	32.82446947551498	21.539473481891008	22.477631779018893
12-13	21.153819868262964	25.9583671059268	28.730612936691593	24.157200089118643
14-15	21.69782758604193	27.34691032257139	27.61693289621251	23.338329195174175
16-17	22.67171451415607	27.66406073817936	26.442907614823724	23.22131713284085
18-19	22.406972326095037	27.916878512541278	26.28279510813707	23.393354053226616
20-21	22.470962603407234	27.881128536757128	26.57851603382289	23.069392826012752
22-23	22.283306766169662	28.092614328499987	26.565796869687635	23.058282035642712
24-25	22.236493710579	28.173729003229365	26.47379313950306	23.115984146688575
26-27	22.300779728427628	28.21796860585104	26.461802874266226	23.019448791455105
28-29	22.423029323106338	27.82561809915418	26.533485225689308	23.21786735205017
30-31	22.24423177528706	27.75438432233376	26.626999354520592	23.37438454785859
32-33	22.39628643770694	27.957369890349455	26.54568317176763	23.100660500175973
34-35	22.559333848140884	27.91882213854701	26.3925772040483	23.1292668092638
36-37	22.3403470167358	27.87891316381131	26.509160613122123	23.271579206330767
38-39	22.41811131885674	27.891696188414354	26.611361225917907	23.078831266810994
40-41	22.482185293449348	27.719153777947863	26.614411333074788	23.184249595528
42-43	22.321581110429257	27.678453058306896	26.681751024720395	23.31821480654345
44-45	22.494823450622896	27.722694129143804	26.71543670942303	23.067045710810273
46-47	22.64813815065638	27.69030225581379	26.51619935352928	23.145360240000546
48-49	22.425009874764747	27.566994640975423	26.62725189055617	23.38074359370366
50-51	22.628549603586105	27.572515029367416	26.649328906146796	23.149606460899687
52-53	22.73369342857723	27.596355644350147	26.481624922619208	23.188326004453415
54-55	22.431941823237953	27.475079640245255	26.72768523779204	23.36529329872475
56-57	22.493614888264464	27.601076832928804	26.750925392405073	23.154382886401656
58-59	22.643705408960088	27.624345676150742	26.672531656016616	23.059417258872553
60-61	22.465158179967684	27.560082456287642	26.712634736287605	23.262124627457066
62-63	22.509779544023058	27.556085063523668	26.82579803833274	23.108337354120533
64-65	22.58022819179665	27.58907423454651	26.758701617562103	23.071995956094742
66-67	22.437713830708788	27.607349213803	26.813386495086817	23.141550460401398
68-69	22.493178221428174	27.752936154634593	26.911561980125963	22.84232364381127
70-71	22.49857345293623	27.731479361874694	26.82031313685137	22.949634048337707
72-73	22.367588932806324	27.63937511763599	26.930660643704122	23.062375305853568
74-75	22.385310681927834	27.749559642103932	27.02604647404994	22.839083201918292
76-77	22.423961813215776	27.768443384987645	26.87895791877238	22.928636883024204
78-79	22.256208693307286	27.686958471267275	27.116239218419167	22.940593617006265
80-81	22.315213953566186	27.846228118883186	27.09892618914654	22.739631738404093
82-83	22.34877333559475	27.8651214897451	26.99177002989212	22.794335144768027
84-85	22.071001602524266	27.73576744671648	27.209188247713463	22.98404270304579
86-87	22.005515669205934	27.952059372858052	27.289270265243044	22.75315469269297
88-89	22.058499560935765	27.939595272559252	27.28014488024824	22.721760286256742
90-91	21.737210195092395	27.826001524642628	27.463989869677626	22.97279841058735
92-93	21.68615071253964	28.105801730463625	27.448879709081474	22.759167847915258
94-95	21.572929418688076	28.171238903678624	27.539288708218855	22.716542969414444
96-97	20.86297573565544	28.2573809028408	27.840136882600593	23.039506478903167
98-99	20.611933080464315	28.41481956664168	27.976525699026194	22.996721653867812
100	20.55999558418091	28.448769235685628	27.495155672148673	23.49607950798479
>>END_MODULE
>>Per sequence GC content	warn
#GC Content	Count
0	13.0
1	7.5
2	2.0
3	2.0
4	1.5
5	1.5
6	2.0
7	2.0
8	2.5
9	4.5
10	6.5
11	10.5
12	13.5
13	18.0
14	25.0
15	41.0
16	62.0
17	79.0
18	125.5
19	182.0
20	246.0
21	377.5
22	588.5
23	853.0
24	1189.0
25	1645.5
26	2361.0
27	3310.5
28	4473.5
29	5992.5
30	7922.0
31	10303.5
32	13058.0
33	16311.5
34	20658.0
35	26307.5
36	32538.5
37	39662.0
38	48082.0
39	57230.5
40	66355.5
41	74439.0
42	81274.0
43	86286.0
44	88420.0
45	88474.0
46	87199.5
47	83808.5
48	78442.5
49	72245.0
50	66441.5
51	59849.0
52	52614.5
53	46272.5
54	40650.0
55	35411.5
56	30565.5
57	26486.0
58	23074.0
59	20124.5
60	17379.0
61	15066.5
62	13183.5
63	11368.0
64	9802.0
65	8448.0
66	7220.0
67	6358.0
68	5478.0
69	4485.5
70	3631.5
71	2887.5
72	2231.5
73	1669.0
74	1198.0
75	850.0
76	591.0
77	412.0
78	284.0
79	193.5
80	127.0
81	76.5
82	51.5
83	39.0
84	23.5
85	14.0
86	9.5
87	12.0
88	11.5
89	6.5
90	5.0
91	5.5
92	6.5
93	5.5
94	4.5
95	5.0
96	2.5
97	1.0
98	0.5
99	0.5
100	1.0
>>END_MODULE
>>Per base N content	pass
#Base	N-Count
1	0.05548987583115224
2	0.031230139476399715
3	0.03375861904013449
4	0.0516629878427969
5	0.03669712231690733
6	0.0
7	0.0
8	0.0
9	6.833728550634511E-5
10-11	0.002562648206487942
12-13	0.007653775976710653
14-15	0.008132136975255068
16-17	0.0
18-19	1.3667457101269022E-4
20-21	1.0250592825951768E-4
22-23	0.003929393916614844
24-25	0.002699322777500632
26-27	0.0
28-29	8.883847115824866E-4
30-31	0.005227802341235401
32-33	0.0030751778477855303
34-35	0.0
36-37	0.0
38-39	1.3667457101269022E-4
40-41	1.708432137658628E-4
42-43	2.7334914202538043E-4
44-45	0.0
46-47	0.0
48-49	0.0
50-51	0.0
52-53	1.0323163182369689E-4
54-55	0.0013156350414546215
56-57	6.971592503446581E-5
58-59	0.0
60-61	1.0627625023380775E-4
62-63	0.0
64-65	0.0
66-67	0.0
68-69	0.0
70-71	0.0
72-73	7.905075849202773E-4
74-75	4.573146332298532E-4
76-77	0.0
78-79	0.002312455000213608
80-81	0.0019915970537109826
82-83	6.086318604983315E-4
84-85	2.485812226716018E-4
86-87	0.0
88-89	0.0
90-91	0.0
92-93	0.0
94-95	0.0
96-97	0.0
98-99	0.0
100	0.0
>>END_MODULE
>>Sequence Length Distribution	warn
#Length	Count
46-47	1.0
48-49	19.0
50-51	8172.0
52-53	8680.0
54-55	9491.0
56-57	10488.0
58-59	11644.0
60-61	13577.0
62-63	13230.0
64-65	13255.0
66-67	13666.0
68-69	14112.0
70-71	14864.0
72-73	15989.0
74-75	16777.0
76-77	18778.0
78-79	19921.0
80-81	22308.0
82-83	24661.0
84-85	28307.0
86-87	33891.0
88-89	40896.0
90-91	47891.0
92-93	59764.0
94-95	77049.0
96-97	93564.0
98-99	143901.0
100-101	688434.0
>>END_MODULE
>>Sequence Duplication Levels	pass
#Total Deduplicated Percentage	86.9077515944407
#Duplication Level	Percentage of deduplicated	Percentage of total
1	91.00862115024056	79.09354639877668
2	6.3631387453163395	11.060121628778269
3	1.4338001558818554	3.738250433503519
4	0.520544755281014	1.8095749714300513
5	0.2610505350328013	1.1343657526113269
6	0.13993489453871844	0.7296856232379119
7	0.08055757689934359	0.4900754517552745
8	0.054365731188338304	0.3779842769092994
9	0.034763260430985404	0.27190771219340354
>10	0.10258970735008772	1.2482121153924237
>50	4.757592980765215E-4	0.03112867781975913
>100	1.5772854188057583E-4	0.015146957592016423
>500	0.0	0.0
>1k	0.0	0.0
>5k	0.0	0.0
>10k+	0.0	0.0
>>END_MODULE
>>Overrepresented sequences	pass
>>END_MODULE
>>Adapter Content	pass
#Position	Illumina Universal Adapter	Illumina Small RNA Adapter	Nextera Transposase Sequence	SOLID Small RNA Adapter
1	0.0	0.0	0.0	0.0
2	0.0	0.0	6.833728550634512E-5	0.0
3	0.0	0.0	6.833728550634512E-5	0.0
4	0.0	0.0	2.0501185651903536E-4	0.0
5	0.0	0.0	2.0501185651903536E-4	0.0
6	0.0	0.0	2.0501185651903536E-4	0.0
7	0.0	0.0	2.0501185651903536E-4	0.0
8	0.0	0.0	2.0501185651903536E-4	0.0
9	0.0	0.0	2.733491420253805E-4	0.0
10-11	0.0	0.0	2.733491420253805E-4	0.0
12-13	0.0	6.833728550634512E-5	3.416864275317256E-4	0.0
14-15	6.833728550634512E-5	6.833728550634512E-5	3.416864275317256E-4	0.0
16-17	6.833728550634512E-5	6.833728550634512E-5	4.1002371303807073E-4	0.0
18-19	1.0250592825951768E-4	6.833728550634512E-5	4.1002371303807073E-4	0.0
20-21	1.3667457101269024E-4	6.833728550634512E-5	4.1002371303807073E-4	0.0
22-23	1.3667457101269024E-4	6.833728550634512E-5	4.441923557912433E-4	0.0
24-25	1.3667457101269024E-4	6.833728550634512E-5	4.783609985444158E-4	0.0
26-27	1.3667457101269024E-4	6.833728550634512E-5	4.783609985444158E-4	0.0
28-29	1.3667457101269024E-4	6.833728550634512E-5	4.783609985444158E-4	0.0
30-31	1.3667457101269024E-4	6.833728550634512E-5	4.783609985444158E-4	0.0
32-33	1.3667457101269024E-4	6.833728550634512E-5	4.783609985444158E-4	0.0
34-35	1.3667457101269024E-4	6.833728550634512E-5	4.783609985444158E-4	0.0
36-37	1.3667457101269024E-4	6.833728550634512E-5	5.125296412975884E-4	0.0
38-39	1.3667457101269024E-4	6.833728550634512E-5	5.46698284050761E-4	3.416864275317256E-5
40-41	1.3667457101269024E-4	6.833728550634512E-5	5.46698284050761E-4	6.833728550634512E-5
42-43	1.3667457101269024E-4	6.833728550634512E-5	6.15035569557106E-4	6.833728550634512E-5
44-45	2.0501185651903536E-4	6.833728550634512E-5	6.15035569557106E-4	6.833728550634512E-5
46-47	2.391804992722079E-4	6.833728550634512E-5	6.15035569557106E-4	1.0250592825951768E-4
48-49	2.733491420253805E-4	6.833728550634512E-5	6.15035569557106E-4	1.3667457101269024E-4
50-51	2.733491420253805E-4	6.833728550634512E-5	6.833728550634512E-4	1.7084321376586282E-4
52-53	3.416864275317256E-4	6.833728550634512E-5	6.833728550634512E-4	2.0501185651903536E-4
54-55	3.416864275317256E-4	6.833728550634512E-5	6.833728550634512E-4	2.0501185651903536E-4
56-57	3.416864275317256E-4	6.833728550634512E-5	6.833728550634512E-4	2.0501185651903536E-4
58-59	4.1002371303807073E-4	6.833728550634512E-5	6.833728550634512E-4	2.0501185651903536E-4
60-61	4.1002371303807073E-4	6.833728550634512E-5	6.833728550634512E-4	2.0501185651903536E-4
62-63	4.1002371303807073E-4	6.833728550634512E-5	6.833728550634512E-4	2.0501185651903536E-4
64-65	4.1002371303807073E-4	6.833728550634512E-5	7.517101405697963E-4	2.0501185651903536E-4
66-67	4.1002371303807073E-4	1.0250592825951768E-4	7.517101405697963E-4	2.0501185651903536E-4
68-69	4.1002371303807073E-4	1.3667457101269024E-4	7.858787833229688E-4	2.0501185651903536E-4
70-71	4.1002371303807073E-4	1.3667457101269024E-4	8.200474260761415E-4	2.0501185651903536E-4
72-73	4.1002371303807073E-4	1.3667457101269024E-4	8.200474260761415E-4	2.0501185651903536E-4
74-75	4.1002371303807073E-4	1.3667457101269024E-4	8.200474260761415E-4	2.0501185651903536E-4
76-77	4.1002371303807073E-4	1.3667457101269024E-4	8.200474260761415E-4	2.0501185651903536E-4
78-79	4.1002371303807073E-4	1.3667457101269024E-4	8.200474260761415E-4	2.0501185651903536E-4
80-81	4.1002371303807073E-4	1.3667457101269024E-4	8.200474260761415E-4	2.0501185651903536E-4
82-83	4.441923557912433E-4	1.3667457101269024E-4	8.200474260761415E-4	2.0501185651903536E-4
84-85	4.783609985444158E-4	1.3667457101269024E-4	8.200474260761415E-4	2.0501185651903536E-4
86-87	4.783609985444158E-4	1.3667457101269024E-4	8.200474260761415E-4	2.0501185651903536E-4
88	4.783609985444158E-4	1.3667457101269024E-4	8.200474260761415E-4	2.0501185651903536E-4
>>END_MODULE
>>Kmer Content	warn
#Sequence	Count	PValue	Obs/Exp Max	Max Obs/Exp Position
CGCGTCT	135	7.0716144E-4	19.250307	1
CGCGAAT	165	0.0027125962	15.750253	1
CCGGGAT	210	8.066292E-4	14.437732	1
CCGGAAT	365	1.2993769E-7	14.239954	1
CTCGAAT	740	0.0	14.047523	1
CGCCTGT	255	2.2593667E-4	13.588453	1
CGGGCAT	460	1.6191552E-7	12.240686	1
CCGGCAT	320	1.1182383E-4	12.181836	1
CACGAAT	360	2.5066738E-5	12.031443	1
CCGCAAT	365	2.886846E-5	11.866629	1
GTCGCTT	335	1.7135478E-4	11.636381	1
GTCGCAT	265	0.0046364916	11.441221	1
CCGATAT	420	9.66376E-6	11.343932	1
CTCACGT	270	0.0053297826	11.229346	1
CGGGGAT	425	1.1021029E-5	11.210474	1
CGCATAT	280	0.0069858423	10.828299	1
CCCGCAT	280	0.0069858423	10.828299	1
GCGTCTC	320	0.0015256406	10.8275585	2
CCGAAAT	450	2.0754436E-5	10.58767	1
CCGGGCT	290	0.009063509	10.454908	1
>>END_MODULE
