##FastQC	0.10.1
>>Basic Statistics	pass
#Measure	Value	
Filename	SRR1642915_Adapt_Quali_trimmed.fastq	
File type	Conventional base calls	
Encoding	Sanger / Illumina 1.9	
Total Sequences	21213480	
Filtered Sequences	0	
Sequence length	0-202	
%GC	47	
>>END_MODULE
>>Per base sequence quality	pass
#Base	Mean	Median	Lower Quartile	Upper Quartile	10th Percentile	90th Percentile
1	32.158948837085646	34.0	31.0	34.0	30.0	34.0
2	32.353978980162346	34.0	31.0	34.0	30.0	34.0
3	32.4408258544417	34.0	31.0	34.0	30.0	34.0
4	35.814899645897896	37.0	37.0	37.0	35.0	37.0
5	35.64088678310873	37.0	35.0	37.0	33.0	37.0
6	35.58543429770161	37.0	35.0	37.0	33.0	37.0
7	35.59227718800904	37.0	35.0	37.0	33.0	37.0
8	35.56467798647723	37.0	35.0	37.0	33.0	37.0
9	37.269717401780404	39.0	38.0	39.0	34.0	39.0
10-14	37.51241269394621	39.4	38.2	39.4	34.0	39.4
15-19	38.59595073006303	41.0	38.8	41.0	34.0	41.0
20-24	38.49299916965411	40.2	38.6	41.0	34.0	41.0
25-29	38.30600489042438	40.0	38.0	41.0	33.8	41.0
30-34	38.0536865367554	40.0	38.0	41.0	33.0	41.0
35-39	37.74675133525	40.0	37.8	41.0	32.6	41.0
40-44	37.52220742173785	40.0	37.0	41.0	32.0	41.0
45-49	37.306096835843654	40.0	36.4	41.0	32.0	41.0
50-59	36.71060993963779	39.2	35.1	41.0	31.0	41.0
60-69	35.57418551616875	37.0	34.8	39.8	30.1	41.0
70-79	33.773488353411075	35.0	33.5	37.1	28.6	39.3
80-89	32.86326056311071	35.0	33.7	35.3	29.0	36.5
90-99	32.04608413422656	35.0	33.0	35.0	27.0	35.2
100-109	33.922462028016696	35.6	34.0	35.7	31.7	35.7
110-119	38.21301936536789	40.0	38.4	40.0	35.0	40.0
120-129	38.809609058995726	40.4	38.6	41.0	34.5	41.0
130-139	38.433399723230025	40.0	38.0	41.0	33.7	41.0
140-149	37.840679959623245	40.0	37.1	41.0	32.7	41.0
150-159	36.96463702611496	38.8	35.1	40.6	31.4	40.8
160-169	36.442367883480486	37.6	35.0	40.2	31.0	41.0
170-179	35.19019212981082	35.3	34.7	37.9	31.0	40.0
180-189	34.006967007315765	35.0	34.0	35.5	30.0	36.8
190-199	33.58283577914458	35.0	34.0	35.0	30.0	35.4
200-202	33.65605793853835	35.0	33.666666666666664	35.0	30.666666666666668	35.0
>>END_MODULE
>>Per sequence quality scores	pass
#Quality	Count
5	1.0
6	3.0
7	8.0
8	41.0
9	76.0
10	585.0
11	3619.0
12	11745.0
13	18368.0
14	21639.0
15	25575.0
16	29442.0
17	35352.0
18	43667.0
19	54470.0
20	62317.0
21	77999.0
22	106144.0
23	133167.0
24	163282.0
25	192791.0
26	226028.0
27	257682.0
28	275360.0
29	304939.0
30	356814.0
31	438169.0
32	513442.0
33	660716.0
34	934428.0
35	1475271.0
36	2835481.0
37	5234745.0
38	5937400.0
39	556973.0
40	178.0
>>END_MODULE
>>Per base sequence content	fail
#Base	G	A	T	C
1	24.13607491602858	12.730081020862583	9.228581780971647	53.90526228213719
2	20.701421992007774	20.372287868813682	38.342818980005674	20.583471159172866
3	22.72660622397502	24.556623611827717	23.758391551241754	28.958378612955514
4	26.565720952589107	30.562229876402885	18.1468619720604	24.72518719894761
5	27.384215788638706	33.170900040732505	20.933583596334525	18.511300574294268
6	20.530517083058424	36.554473715380695	22.90973979019165	20.005269411369234
7	18.596978256854218	18.736367370998554	40.82619458785649	21.840459784290736
8	19.07676090432431	22.035175238151908	30.623875111068028	28.26418874645576
9	21.656479491318297	21.0407517636626	32.41054177970007	24.892226965319033
10-14	22.97648037310534	28.110112901653682	25.331852113426955	23.58155461181402
15-19	23.579241419322745	26.575444374901036	25.688994127992398	24.156320077783818
20-24	23.409295006930307	26.915327634674156	25.87278622000143	23.8025911383941
25-29	23.334048986419788	26.870892755914017	25.913548738213123	23.88150951945308
30-34	23.403860929515158	26.670780699662156	25.855470057630658	24.069888313192035
35-39	23.529848167201653	26.750550332403538	25.869245101428167	23.85035639896664
40-44	23.493941879212034	26.5991503103643	25.987059905200695	23.919847905222973
45-49	23.512401038627505	26.590033414219956	25.90705188099134	23.9905136661612
50-59	23.643904545382615	26.573894208487303	25.936455686440656	23.845745559689426
60-69	23.69963059805894	26.522198345446384	25.9732541777225	23.804916878772183
70-79	23.79448233084405	26.505190161560964	25.953108218349204	23.747219289245784
80-89	23.899608042023026	26.50790062206217	25.950861394406022	23.641629941508786
90-99	24.014348494022585	26.481402976430644	25.92383636632483	23.58041216322194
100-109	22.436603569581287	24.87919599406784	25.730630759676103	26.953569676674764
110-119	22.589639018194546	26.686454636332265	26.485426069182356	24.238480276290833
120-129	22.874066160278563	26.71867521071048	26.195171661363787	24.212086967647174
130-139	22.96685336381054	26.623819823104245	26.180570346721076	24.22875646636414
140-149	22.98029915754108	26.49688859272664	26.300105356471832	24.222706893260447
150-159	23.12539213440108	26.43320069627601	26.22056924817166	24.220837921151247
160-169	23.218670184905204	26.42122881236161	26.276556420841647	24.08354458189154
170-179	23.283962388067042	26.348416143267105	26.306992307902398	24.06062916076345
180-189	23.38707197711725	26.320224502269866	26.266034536510674	24.026668984102205
190-199	23.374057027688817	26.377052577989723	26.345214402663398	23.903675991658062
200-202	23.358201047137094	26.273782139612873	26.095189356311405	24.272827456938632
>>END_MODULE
>>Per base GC content	fail
#Base	%GC
1	78.04133719816578
2	41.28489315118064
3	51.68498483693054
4	51.29090815153672
5	45.89551636293297
6	40.53578649442766
7	40.43743804114495
8	47.34094965078007
9	46.548706456637326
10-14	46.55803498491936
15-19	47.735561497106566
20-24	47.211886145324414
25-29	47.21555850587287
30-34	47.47374924270719
35-39	47.380204566168295
40-44	47.413789784435004
45-49	47.50291470478871
50-59	47.48965010507204
60-69	47.504547476831114
70-79	47.54170162008984
80-89	47.54123798353181
90-99	47.59476065724452
100-109	49.390173246256055
110-119	46.828119294485376
120-129	47.08615312792574
130-139	47.195609830174675
140-149	47.20300605080153
150-159	47.346230055552326
160-169	47.302214766796745
170-179	47.34459154883049
180-189	47.41374096121946
190-199	47.27773301934688
200-202	47.63102850407573
>>END_MODULE
>>Per sequence GC content	fail
#GC Content	Count
0	52966.5
1	52962.0
2	52960.333333333336
3	52994.333333333336
4	53070.0
5	53215.0
6	53592.83333333333
7	54231.166666666664
8	55264.333333333336
9	55964.5
10	57061.66666666667
11	58190.00000000001
12	58312.33333333334
13	62054.00000000002
14	65923.50000000003
15	66440.50000000003
16	66887.50000000006
17	68383.1666666668
18	70010.3333333334
19	71112.83333333352
20	72201.83333333372
21	73958.0000000006
22	76053.00000000052
23	77820.66666666711
24	80164.33333333246
25	86672.499999994
26	94388.66666664902
27	100319.99999996423
28	108942.16666659922
29	120009.33333321223
30	135309.33333317048
31	153812.16666663383
32	173634.50000015242
33	195680.83333374813
34	221502.16666745173
35	253882.3333346301
36	293958.00000062137
37	341318.16666588833
38	404650.49999708094
39	481691.66666093847
40	560553.1666616192
41	637516.1666671986
42	708211.5000059311
43	760075.5000100473
44	783160.1666786013
45	786167.6666787842
46	769402.3333439796
47	738186.0000080281
48	695706.5000047719
49	650256.0000013206
50	584434.8333299691
51	522608.4999924664
52	482852.3333274407
53	444583.83332890726
54	409756.6666635668
55	373901.83333149855
56	341729.499999188
57	317171.166666587
58	296055.16666724766
59	274579.50000114995
60	256005.50000133272
61	238131.33333437057
62	222128.00000080626
63	205881.33333391062
64	186479.33333365613
65	170466.8333334689
66	156558.16666665475
67	144008.9999998727
68	132302.99999978192
69	119661.49999984624
70	106333.49999991016
71	94673.16666662248
72	85237.33333331857
73	76666.33333333887
74	69775.00000001307
75	61181.00000001062
76	54310.66666667189
77	51290.000000002896
78	48684.166666668185
79	45833.50000000059
80	43394.16666666685
81	41586.33333333333
82	39958.00000000002
83	37510.499999999985
84	35267.33333333331
85	34620.16666666665
86	33969.33333333333
87	33681.5
88	27132.5
89	20561.666666666664
90	18458.333333333336
91	16372.5
92	15323.5
93	13962.333333333332
94	13194.0
95	12684.0
96	12477.5
97	12361.0
98	12317.0
99	12306.0
100	12297.0
>>END_MODULE
>>Per base N content	pass
#Base	N-Count
1	0.17931269691985155
2	0.0
3	0.0
4	0.0
5	0.0023813165259342142
6	1.8709637554982348E-4
7	0.0
8	0.0
9	0.0
10-14	0.0
15-19	0.0
20-24	0.0
25-29	0.0
30-34	0.0
35-39	0.0
40-44	0.0
45-49	0.0
50-59	0.0
60-69	0.0
70-79	0.0
80-89	5.450122630484247E-6
90-99	1.7863535894103292E-4
100-109	2.384691046582078E-5
110-119	0.004325013253403124
120-129	0.00781439148971932
130-139	0.005942853475050742
140-149	0.007968646821956941
150-159	0.005482821402550483
160-169	0.021169776509870335
170-179	0.0024472890512886366
180-189	0.0014107999566498716
190-199	0.011348658081340278
200-202	0.0
>>END_MODULE
>>Sequence Length Distribution	fail
#Length	Count
0-4	342672.0
5-9	93787.0
10-14	60981.0
15-19	50365.0
20-24	44483.0
25-29	54671.0
30-34	43187.0
35-39	40209.0
40-44	39574.0
45-49	41121.0
50-54	40616.0
55-59	39602.0
60-64	36374.0
65-69	32848.0
70-74	30885.0
75-79	20898.0
80-84	20714.0
85-89	17068.0
90-94	12537.0
95-99	7058.0
100-104	18066.0
105-109	7708.0
110-114	10528.0
115-119	12927.0
120-124	14893.0
125-129	17766.0
130-134	38003.0
135-139	35688.0
140-144	31814.0
145-149	39968.0
150-154	36554.0
155-159	56670.0
160-164	54668.0
165-169	50283.0
170-174	67166.0
175-179	75904.0
180-184	105103.0
185-189	168283.0
190-194	252974.0
195-199	934382.0
200-203	1.8114482E7
>>END_MODULE
>>Sequence Duplication Levels	fail
#Total Duplicate Percentage	58.536469920007576
#Duplication Level	Relative count
1	100.0
2	32.795662100456624
3	18.21917808219178
4	11.889269406392694
5	8.552511415525114
6	6.486301369863014
7	5.094748858447488
8	4.042237442922374
9	3.462328767123288
10++	37.768264840182646
>>END_MODULE
>>Overrepresented sequences	fail
#Sequence	Count	Percentage	Possible Source
	225563	1.0633003165911485	No Hit
A	48508	0.22866592374282765	No Hit
>>END_MODULE
>>Kmer Content	warn
#Sequence	Count	Obs/Exp Overall	Obs/Exp Max	Max Obs/Exp Position
GAAGA	10371240	2.6187947	5.3146596	2
TCTTC	10739765	2.591185	5.1410294	7
CTTCT	9970120	2.4054923	5.4977875	1
CTCCT	9252865	2.4002461	7.1810317	1
AAGAA	10521480	2.341485	5.527314	2
CTTCA	9233760	2.200308	6.878757	1
CTCCA	7748835	1.9852595	7.8192887	1
CTTGA	6737885	1.67344	5.8733134	1
CTCAA	6779780	1.5955919	6.7619014	1
CTTGG	5636170	1.5882794	6.345029	1
CTTTG	6250250	1.571747	5.6009192	1
CTCCC	5414710	1.510187	5.254321	1
AGATC	6063070	1.4872378	5.1886296	4
GATCT	5856185	1.4544585	5.2455277	5
CTGAA	5922470	1.4527495	5.3014874	1
CTGGA	4996105	1.390515	6.3436246	1
CTCAG	5118990	1.3669316	6.423036	1
CTCCG	4522085	1.3145462	5.0330997	1
CTCGA	4643980	1.2400889	5.796498	1
CTGGG	3204765	1.0120374	5.2305837	1
CTCGG	3155250	0.9559882	5.4146304	1
>>END_MODULE
