##FastQC	0.10.1
>>Basic Statistics	pass
#Measure	Value	
Filename	SRR1639282_10bp_trimmed.fastq	
File type	Conventional base calls	
Encoding	Sanger / Illumina 1.9	
Total Sequences	11142142	
Filtered Sequences	0	
Sequence length	90-190	
%GC	46	
>>END_MODULE
>>Per base sequence quality	pass
#Base	Mean	Median	Lower Quartile	Upper Quartile	10th Percentile	90th Percentile
1	38.56112334594192	39.0	39.0	39.0	38.0	39.0
2	38.540402285305646	39.0	39.0	39.0	37.0	39.0
3	38.49596693346755	39.0	39.0	39.0	37.0	39.0
4	40.196046235993045	41.0	40.0	41.0	38.0	41.0
5	40.176404680536294	41.0	40.0	41.0	38.0	41.0
6	40.176258658344146	41.0	40.0	41.0	38.0	41.0
7	40.135461296400635	41.0	40.0	41.0	38.0	41.0
8	40.066588722348	41.0	40.0	41.0	38.0	41.0
9	40.083229777541874	41.0	40.0	41.0	38.0	41.0
10-14	37.763229870881204	41.0	38.2	41.0	27.0	41.0
15-19	39.80650609191662	41.0	40.0	41.0	37.8	41.0
20-24	39.7165570857022	41.0	40.0	41.0	37.6	41.0
25-29	39.72784977969227	41.0	40.0	41.0	37.0	41.0
30-34	39.455638960623546	41.0	39.2	41.0	36.2	41.0
35-39	39.33842162485454	41.0	39.0	41.0	35.2	41.0
40-44	38.80103391250982	40.0	37.8	41.0	35.0	41.0
45-49	38.30367721036045	39.8	36.6	41.0	34.6	41.0
50-54	37.715093578954566	38.8	35.2	40.8	34.0	41.0
55-59	36.903276533363154	37.2	35.0	39.6	33.6	41.0
60-64	35.91704971988331	35.8	35.0	38.4	33.0	40.0
65-69	34.766892936744114	35.0	34.0	36.2	31.4	38.8
70-74	34.559785631882995	35.0	34.0	35.8	32.2	37.0
75-79	33.927665883274514	35.0	34.0	35.0	31.0	36.0
80-84	33.836925287794756	35.0	34.0	35.0	31.0	35.6
85-89	33.72944292040076	35.0	34.0	35.0	31.0	35.0
90-94	34.148660877000836	34.8	34.4	34.8	31.8	34.8
95-99	36.97514513819361	37.4	37.4	37.4	35.4	37.4
100-104	38.54739628934059	39.4	39.2	39.4	37.0	39.4
105-109	39.49889228395596	41.0	39.4	41.0	37.0	41.0
110-114	39.44403999096575	41.0	39.4	41.0	37.0	41.0
115-119	39.131512031361055	40.0	38.8	41.0	36.0	41.0
120-124	38.8314185481907	40.0	38.2	41.0	35.2	41.0
125-129	38.401607714278676	40.0	38.0	41.0	34.2	41.0
130-134	37.91323383384086	40.0	37.6	40.6	33.2	41.0
135-139	37.230336277929936	39.0	36.2	40.0	31.8	41.0
140-144	36.259838307866254	37.8	34.8	39.6	30.8	40.2
145-149	36.176725267012316	38.0	34.6	39.8	30.4	40.4
150-154	35.178742964545094	36.4	33.6	38.8	29.0	40.0
155-159	33.935747060801575	35.2	32.0	37.6	27.4	39.4
160-164	32.647853509808584	34.0	30.8	36.2	26.0	38.4
165-169	31.424738613653403	33.2	29.4	34.8	25.0	36.4
170-174	30.318010197545185	31.8	28.8	34.0	23.4	35.2
175-179	29.33179644058693	31.0	27.0	34.0	21.0	34.6
180-184	28.479609045243183	30.2	25.8	33.2	20.0	34.0
185-189	28.496180001118283	30.0	25.2	32.4	20.4	34.0
190	29.884742795085813	31.0	27.0	33.0	25.0	34.0
>>END_MODULE
>>Per sequence quality scores	pass
#Quality	Count
24	2.0
25	71.0
26	1502.0
27	8797.0
28	25394.0
29	51104.0
30	85710.0
31	137403.0
32	227570.0
33	405575.0
34	763008.0
35	1508706.0
36	3002053.0
37	3931405.0
38	973622.0
39	20208.0
40	12.0
>>END_MODULE
>>Per base sequence content	pass
#Base	G	A	T	C
1	26.02461896464791	26.638603241638815	20.250432995738162	27.08634479797511
2	22.409694652967087	23.211407644957315	27.69423509411386	26.684662607961734
3	20.960036230017533	26.775192777115926	29.459909952682352	22.804861040184193
4	21.997161766561582	26.46991933866935	27.847984705274804	23.684934189494264
5	22.631258872845095	26.28264834535406	26.894927384698562	24.191165397102278
6	23.08914856490597	26.329524234516892	26.492350778384832	24.088976422192303
7	23.62783565314461	26.780281565250203	26.058598068486294	23.533284713118896
8	22.90474309158867	26.79504533329408	26.263684307739034	24.03652726737821
9	23.02735196097121	26.824627858309896	26.117071289865017	24.030948890853875
10-14	23.825214244955937	27.134297309462298	25.82817135522833	23.212317090353437
15-19	23.070974470263923	27.024060534342482	26.23481649113879	23.670148504254808
20-24	22.923334111699905	26.86403252316975	26.352338922141737	23.860294442988607
25-29	23.002937677299936	27.01823061574549	26.36602173945822	23.61280996749636
30-34	23.094191404130374	26.879817184164413	26.485370586732788	23.540620824972432
35-39	23.02970649629129	26.838491198550514	26.470983765958106	23.660818539200093
40-44	23.124439301924244	26.870864112661184	26.511706811298165	23.49298977411641
45-49	23.090004315394776	26.807343282968034	26.566217166870544	23.536435234766646
50-54	23.0705914603614	26.68179160292661	26.670362908002794	23.577254028709195
55-59	23.09295260795528	26.82031260924193	26.65110434834913	23.435630434453657
60-64	23.16291443384864	26.779605305139548	26.67664253671427	23.380837724297546
65-69	23.194082330495487	26.663740077527326	26.743571484165546	23.398606107811638
70-74	23.10906903601102	26.721879976052016	26.798091494366133	23.370959493570833
75-79	23.160729140743662	26.71403985880557	26.796052288636652	23.329178711814112
80-84	23.102775344856493	26.67672125176083	26.95933431970033	23.261169083682347
85-89	23.081730995035674	26.74137813900719	26.93247593135173	23.24441493460541
90-94	23.133528325304464	24.614381915860392	24.150602104201177	28.101487654633967
95-99	20.368058743201527	26.290867815410003	29.820226042271226	23.52084739911725
100-104	22.233576536191794	28.714681226104332	25.673245480373748	23.37849675733013
105-109	22.810217500376304	27.334402512508216	26.35909836805724	23.496281619058244
110-114	22.680400946809982	27.697857690740506	26.402451643792872	23.21928971865664
115-119	22.68074158833127	27.697180518594244	26.310713021048905	23.311364872025578
120-124	22.617964350726435	27.529386548040797	26.36193457614702	23.49071452508575
125-129	22.703900960851243	27.636513016303617	26.359072027454722	23.30051399539042
130-134	22.783781184820025	27.44402616353312	26.50030057495166	23.271892076695195
135-139	22.776655537420005	27.365475174657956	26.43219070363073	23.42567858429131
140-144	22.856176921450572	27.28418288123015	26.47601365467934	23.38362654263994
145-149	22.813904416529482	27.27963993500424	26.507530035953618	23.39892561251266
150-154	22.734357141926285	27.209503435741777	26.652471606153277	23.403667816178658
155-159	22.715571394757372	27.40740826254476	26.698119227076916	23.178901115620953
160-164	22.684461787465825	27.455311356250288	26.736333878493973	23.12389297778991
165-169	22.61448014922163	27.41381454718466	26.87070363327162	23.101001670322084
170-174	22.421145523941462	27.56185213561291	27.02549126618458	22.991511074261044
175-179	22.217975038069888	27.712483269148464	27.14200865174996	22.927533041031694
180-184	21.823588118432845	27.815752316124264	27.42274008037942	22.937919485063475
185-189	20.98785524882408	28.191001106389052	27.82370074137994	22.997442903406924
190	20.332650478498234	28.411290383457573	27.651071176242446	23.604987961801747
>>END_MODULE
>>Per base GC content	warn
#Base	%GC
1	53.11096376262302
2	49.094357260928824
3	43.76489727020172
4	45.682095956055846
5	46.822424269947376
6	47.17812498709827
7	47.16112036626351
8	46.94127035896688
9	47.05830085182509
10-14	47.037531335309374
15-19	46.74112297451873
20-24	46.78362855468852
25-29	46.61574764479629
30-34	46.634812229102806
35-39	46.69052503549138
40-44	46.61742907604065
45-49	46.62643955016142
50-54	46.6478454890706
55-59	46.52858304240894
60-64	46.54375215814619
65-69	46.59268843830713
70-74	46.48002852958185
75-79	46.48990785255777
80-84	46.36394442853884
85-89	46.326145929641086
90-94	51.235015979938424
95-99	43.88890614231878
100-104	45.612073293521924
105-109	46.30649911943455
110-114	45.89969066546662
115-119	45.992106460356844
120-124	46.10867887581218
125-129	46.00441495624166
130-134	46.055673261515224
135-139	46.20233412171132
140-144	46.239803464090514
145-149	46.21283002904214
150-154	46.13802495810494
155-159	45.89447251037833
160-164	45.808354765255736
165-169	45.71548181954372
170-174	45.41265659820251
175-179	45.14550807910158
180-184	44.76150760349631
185-189	43.985298152231
190	43.93763844029998
>>END_MODULE
>>Per sequence GC content	warn
#GC Content	Count
0	10.0
1	7.5
2	3.5
3	3.5
4	2.5
5	2.0
6	4.0
7	5.5
8	7.5
9	6.5
10	8.5
11	12.5
12	17.0
13	21.5
14	35.0
15	67.0
16	120.0
17	194.5
18	312.5
19	490.0
20	744.5
21	1260.0
22	2053.0
23	3104.5
24	4664.5
25	6978.5
26	10101.0
27	14383.5
28	20263.5
29	27837.0
30	37400.0
31	50045.5
32	65996.5
33	86415.5
34	113729.0
35	148521.0
36	190563.5
37	238584.0
38	293812.5
39	355922.0
40	419615.0
41	481227.5
42	538699.5
43	585856.0
44	615982.5
45	630625.5
46	628716.0
47	609840.5
48	579153.0
49	539398.0
50	491691.5
51	440414.0
52	390524.0
53	344616.5
54	302924.5
55	264102.5
56	229558.5
57	200164.5
58	175756.0
59	154214.0
60	134284.5
61	116191.0
62	100476.5
63	87515.5
64	76864.0
65	67689.0
66	58621.0
67	49537.0
68	41245.0
69	33459.0
70	26173.0
71	19249.0
72	13238.5
73	8815.5
74	5484.0
75	3258.5
76	1809.5
77	901.0
78	380.5
79	133.5
80	42.5
81	16.5
82	5.0
83	2.0
84	0.5
85	0.0
86	0.0
87	0.0
88	0.0
89	0.5
90	0.5
91	0.0
92	0.0
93	0.0
94	0.0
95	0.0
96	0.0
97	0.0
98	0.0
99	0.0
100	0.0
>>END_MODULE
>>Per base N content	pass
#Base	N-Count
1	0.0
2	0.0
3	0.0
4	0.0
5	0.0
6	0.0020103854357627106
7	0.0
8	0.0
9	0.003751522822092915
10-14	0.5928716399414045
15-19	3.3207259430009057E-4
20-24	4.846464889785106E-5
25-29	5.384960988650118E-5
30-34	0.0
35-39	0.0
40-44	4.1284700912984235E-5
45-49	0.0015418938297501504
50-54	1.1128919376543576E-4
55-59	1.3103405072381952E-4
60-64	5.043913459368943E-4
65-69	0.001446759518950665
70-74	0.032921856497610605
75-79	0.0015472787907388004
80-84	0.025244697114791752
85-89	0.022484007114610457
90-94	0.023365495458267875
95-99	0.004528969816615137
100-104	0.0018885932147405706
105-109	7.936275229163089E-4
110-114	0.0022090858840327974
115-119	2.784835589235816E-4
120-124	0.0015908197370074785
125-129	4.496832584020124E-5
130-134	1.0802656654140325E-5
135-139	1.262125828824509E-5
140-144	5.582466153889571E-4
145-149	1.0947032615700301E-4
150-154	8.941662538916207E-5
155-159	1.9957996244570372E-4
160-164	0.001588409158375655
165-169	4.0579203283819736E-4
170-174	5.4662844494812004E-5
175-179	0.0
180-184	1.3149378512672765E-4
185-189	6.933639741379019E-5
190	0.0
>>END_MODULE
>>Sequence Length Distribution	warn
#Length	Count
90-94	261.0
95-99	804.0
100-104	1457.0
105-109	2422.0
110-114	3669.0
115-119	4768.0
120-124	6465.0
125-129	9018.0
130-134	13325.0
135-139	22000.0
140-144	203272.0
145-149	246884.0
150-154	286108.0
155-159	302289.0
160-164	331570.0
165-169	379414.0
170-174	481166.0
175-179	697482.0
180-184	1106179.0
185-189	2142108.0
190-191	4901481.0
>>END_MODULE
>>Sequence Duplication Levels	fail
#Total Duplicate Percentage	54.327750175477235
#Duplication Level	Relative count
1	100.0
2	33.49505298578675
3	16.248304957058913
4	9.689116568730853
5	6.220682035055999
6	4.637637486816333
7	3.4282557380342524
8	2.754256441163176
9	2.2279142182713074
10++	22.19275777208578
>>END_MODULE
>>Overrepresented sequences	pass
>>END_MODULE
>>Kmer Content	pass
>>END_MODULE
