##FastQC	0.11.3
>>Basic Statistics	pass
#Measure	Value
Filename	SRR1639681_2_trimmed.fastq
File type	Conventional base calls
Encoding	Sanger / Illumina 1.9
Total Sequences	1463330
Sequences flagged as poor quality	0
Sequence length	42-100
%GC	45
>>END_MODULE
>>Per base sequence quality	pass
#Base	Mean	Median	Lower Quartile	Upper Quartile	10th Percentile	90th Percentile
1	33.13453424723063	34.0	33.0	34.0	31.0	34.0
2	33.31260686243021	34.0	34.0	34.0	31.0	34.0
3	33.37454299440318	34.0	34.0	34.0	31.0	34.0
4	36.62200597267876	37.0	37.0	37.0	35.0	37.0
5	36.60969842755906	37.0	37.0	37.0	35.0	37.0
6	36.602077453479396	37.0	37.0	37.0	35.0	37.0
7	36.578939815352655	37.0	37.0	37.0	35.0	37.0
8	36.55704113221215	37.0	37.0	37.0	35.0	37.0
9	38.40337517853116	39.0	39.0	39.0	37.0	39.0
10-11	38.32652135881858	39.0	39.0	39.0	37.0	39.0
12-13	38.24124770215877	39.0	39.0	39.0	37.0	39.0
14-15	39.75487005665161	41.0	40.0	41.0	38.0	41.0
16-17	39.607572112920536	41.0	40.0	41.0	37.0	41.0
18-19	39.675232175927505	41.0	40.0	41.0	37.5	41.0
20-21	39.643001236904865	41.0	40.0	41.0	38.0	41.0
22-23	39.55512017111656	41.0	40.0	41.0	37.0	41.0
24-25	39.43409210499341	40.5	39.0	41.0	37.0	41.0
26-27	39.301050002391804	40.0	39.0	41.0	36.5	41.0
28-29	39.14197788605441	40.0	39.0	41.0	36.0	41.0
30-31	39.088494392925725	40.0	39.0	41.0	36.0	41.0
32-33	38.99615363588528	40.0	38.5	41.0	36.0	41.0
34-35	38.6900268565532	40.0	38.0	41.0	35.0	41.0
36-37	38.567405506618464	40.0	38.0	41.0	35.0	41.0
38-39	38.459540226743115	40.0	38.0	41.0	34.5	41.0
40-41	38.30163121100503	40.0	38.0	41.0	34.0	41.0
42-43	38.04804213218992	40.0	38.0	41.0	33.5	41.0
44-45	37.790826943223294	40.0	37.0	40.0	33.0	41.0
46-47	37.5013431711824	39.0	37.0	40.0	33.0	41.0
48-49	37.21284858655922	39.0	36.0	40.0	32.0	41.0
50-51	36.26669664981141	38.0	35.0	39.5	30.5	40.5
52-53	36.39703388740382	38.0	35.0	39.5	31.0	40.0
54-55	36.717268828592864	38.0	35.0	40.0	31.0	41.0
56-57	36.56433689310556	38.0	35.0	40.0	31.0	41.0
58-59	36.26510198276341	38.0	35.0	40.0	31.0	40.0
60-61	35.842832053231625	37.5	34.0	39.0	30.5	40.0
62-63	35.19891350168284	36.5	34.0	39.0	29.0	40.0
64-65	34.71137194229564	36.0	33.0	38.0	28.5	40.0
66-67	34.215130250876314	35.0	32.5	38.0	28.0	39.5
68-69	33.73815322892217	35.0	32.0	37.5	27.5	39.0
70-71	33.15971257540714	34.0	31.0	36.5	26.0	39.0
72-73	32.66295124091995	34.0	31.0	36.0	26.0	38.0
74-75	32.16132510095471	34.0	30.0	35.5	26.0	37.5
76-77	31.659509310413874	33.0	30.0	35.0	25.0	36.5
78-79	31.11061121156194	33.0	29.0	34.5	25.0	36.0
80-81	30.728836963082053	32.0	29.0	34.0	24.0	36.0
82-83	30.273636522186315	32.0	29.0	34.0	23.5	35.0
84-85	29.86761908133225	31.0	28.0	34.0	23.0	35.0
86-87	29.528484431360063	31.0	27.0	34.0	21.5	35.0
88-89	29.07824381091354	31.0	26.5	34.0	20.0	34.5
90-91	28.653075062789323	30.5	26.0	33.5	20.0	34.0
92-93	28.45569121489941	30.0	26.0	33.0	20.0	34.0
94-95	28.326529015645658	30.0	25.0	33.0	20.0	34.0
96-97	28.33343386486011	30.0	25.0	33.0	20.0	34.0
98-99	28.820509018918003	30.0	25.5	33.0	21.5	34.0
100	29.918871731882785	31.0	27.0	33.0	25.0	34.0
>>END_MODULE
>>Per sequence quality scores	pass
#Quality	Count
24	4.0
25	160.0
26	1299.0
27	4913.0
28	10524.0
29	17207.0
30	25741.0
31	37947.0
32	56687.0
33	90182.0
34	158771.0
35	310827.0
36	453956.0
37	245234.0
38	42183.0
39	7690.0
40	5.0
>>END_MODULE
>>Per base sequence content	fail
#Base	G	A	T	C
1	25.184510549613748	13.541987175542456	14.14669768166956	47.126804593174235
2	19.648458888775718	23.415293056881904	36.92521497081428	20.011033083528098
3	22.28294901137243	27.482164781287853	24.74986943170663	25.485016775633085
4	24.760319819715104	33.21814827830934	18.816347070302083	23.205184831673474
5	24.831059486885703	34.936932293222625	21.769313908393055	18.46269431149862
6	18.64910854011057	36.62201964013585	24.134337435848373	20.594534383905202
7	16.949491912282262	16.687691771507453	43.52299207970861	22.839824236501677
8	19.39528336055435	22.172989004530763	29.157606281563286	29.2741213533516
9	20.351404229670838	22.661206058241174	31.539318909144832	25.44807080294315
10-11	23.158425263575122	32.82446947551498	21.539473481891008	22.477631779018893
12-13	21.153819868262964	25.9583671059268	28.730612936691593	24.157200089118643
14-15	21.69782758604193	27.34691032257139	27.61693289621251	23.338329195174175
16-17	22.67171451415607	27.66406073817936	26.442907614823724	23.22131713284085
18-19	22.406972326095037	27.916878512541278	26.28279510813707	23.393354053226616
20-21	22.470962603407234	27.881128536757128	26.57851603382289	23.069392826012752
22-23	22.283306766169662	28.092614328499987	26.565796869687635	23.058282035642712
24-25	22.236493710579	28.173729003229365	26.47379313950306	23.115984146688575
26-27	22.300779728427628	28.21796860585104	26.461802874266226	23.019448791455105
28-29	22.423029323106338	27.82561809915418	26.533485225689308	23.21786735205017
30-31	22.24423177528706	27.75438432233376	26.626999354520592	23.37438454785859
32-33	22.39628643770694	27.957369890349455	26.54568317176763	23.100660500175973
34-35	22.559333848140884	27.91882213854701	26.3925772040483	23.1292668092638
36-37	22.3403470167358	27.87891316381131	26.509160613122123	23.271579206330767
38-39	22.41811131885674	27.891696188414354	26.611361225917907	23.078831266810994
40-41	22.482185293449348	27.719153777947863	26.614411333074788	23.184249595528
42-43	22.32155456868619	27.678462515687723	26.68176014154062	23.318222774085466
44-45	22.494770485652918	27.722713074093384	26.715454966039765	23.067061474213933
46-47	22.648134936254895	27.690340101467342	26.516235594480523	23.14528936779724
48-49	22.424987511301335	27.566982819240867	26.627238142228336	23.380791527229462
50-51	22.628421703966136	27.57260939322422	26.64931743884876	23.14965146396088
52-53	22.733615248904794	27.596331954725123	26.481665451394683	23.188387344975396
54-55	22.43192404063178	27.47520064702846	26.72773182387725	23.365143488462515
56-57	22.49325317785606	27.60121278964625	26.7511585152878	23.154375517209886
58-59	22.64351325865663	27.624434349411832	26.672613643746807	23.05943874818474
60-61	22.465041127356113	27.560199616198993	26.7126420168222	23.26211723962269
62-63	22.509689270911874	27.556121945322325	26.82583204691481	23.10835673685099
64-65	22.579961467137302	27.589197511250784	26.75885620367535	23.071984817936556
66-67	22.437614048392067	27.60739461974147	26.813499319127683	23.141492012738784
68-69	22.492994970521423	27.752991317004472	26.91165118341539	22.842362529058718
70-71	22.498474810267886	27.731541295884576	26.820335813464922	22.949648080382616
72-73	22.367501262000296	27.639406330968942	26.930691056681034	23.062401350349727
74-75	22.385179849809163	27.749595559442756	27.026080461281367	22.83914412946671
76-77	22.423760773469358	27.768490553869952	26.87904095607819	22.9287077165825
78-79	22.256143447981763	27.68690599748524	27.116302987924755	22.94064756660824
80-81	22.315028289275567	27.846294670526735	27.09899095476106	22.739686085436638
82-83	22.34862056247081	27.865193979027957	26.9918795513445	22.79430590715673
84-85	22.07101989070676	27.735790428762602	27.20916936309137	22.984020317439274
86-87	22.005468114978203	27.952021920023512	27.289316621523717	22.753193343474575
88-89	22.058450610771175	27.93960042237834	27.280148874789173	22.72180009206131
90-91	21.737097466001316	27.826090120675484	27.463986343670644	22.972826069652555
92-93	21.685922073414186	28.105884950077076	27.449050770669224	22.75914220583951
94-95	21.572830136559205	28.171219740327796	27.540040287834078	22.715909835278918
96-97	20.8536672459352	28.259907955540083	27.845082298022312	23.041342500502406
98-99	20.568772791071986	28.42790516542503	27.99578363217995	23.00753841132303
100	20.52377610107036	28.46844475639001	27.503216938644208	23.50456220389542
>>END_MODULE
>>Per sequence GC content	warn
#GC Content	Count
0	13.0
1	7.5
2	2.0
3	2.0
4	1.5
5	1.5
6	2.0
7	2.0
8	2.5
9	4.5
10	6.5
11	10.5
12	13.5
13	18.0
14	25.0
15	41.0
16	63.0
17	79.5
18	125.0
19	182.5
20	247.0
21	376.5
22	589.5
23	855.0
24	1188.5
25	1644.5
26	2361.5
27	3314.0
28	4478.0
29	6001.5
30	7933.0
31	10312.0
32	13070.0
33	16329.0
34	20681.5
35	26332.5
36	32561.0
37	39687.0
38	48103.0
39	57251.5
40	66392.0
41	74475.0
42	81280.0
43	86269.0
44	88408.5
45	88465.5
46	87199.5
47	83798.0
48	78418.5
49	72224.5
50	66436.0
51	59847.0
52	52605.5
53	46274.5
54	40646.5
55	35405.0
56	30564.0
57	26480.0
58	23062.5
59	20115.5
60	17374.5
61	15066.5
62	13180.5
63	11368.5
64	9803.0
65	8448.0
66	7219.0
67	6357.0
68	5479.5
69	4484.0
70	3631.5
71	2885.5
72	2231.5
73	1673.5
74	1199.0
75	849.0
76	591.5
77	412.5
78	283.5
79	193.0
80	127.0
81	76.5
82	51.5
83	39.0
84	23.5
85	14.5
86	9.5
87	11.5
88	11.5
89	6.5
90	5.0
91	5.5
92	6.5
93	5.5
94	4.5
95	5.0
96	2.5
97	1.0
98	0.5
99	0.5
100	1.0
>>END_MODULE
>>Per base N content	pass
#Base	N-Count
1	0.05548987583115224
2	0.031230139476399715
3	0.03375861904013449
4	0.0516629878427969
5	0.03669712231690733
6	0.0
7	0.0
8	0.0
9	6.833728550634511E-5
10-11	0.002562648206487942
12-13	0.007653775976710653
14-15	0.008132136975255068
16-17	0.0
18-19	1.3667457101269022E-4
20-21	1.0250592825951768E-4
22-23	0.003929393916614844
24-25	0.002699322777500632
26-27	0.0
28-29	8.883847115824866E-4
30-31	0.005227802341235401
32-33	0.0030751778477855303
34-35	0.0
36-37	0.0
38-39	1.3667457101269022E-4
40-41	1.708432137658628E-4
42-43	2.7334923542510415E-4
44-45	0.0
46-47	0.0
48-49	0.0
50-51	0.0
52-53	1.0323205809624945E-4
54-55	0.0013156441514943467
56-57	6.971653257853567E-5
58-59	0.0
60-61	1.0627670202138286E-4
62-63	0.0
64-65	0.0
66-67	0.0
68-69	0.0
70-71	0.0
72-73	7.905084776387738E-4
74-75	4.57315853197038E-4
76-77	0.0
78-79	0.002312460438309239
80-81	0.0019916018134729474
82-83	6.086343300599627E-4
84-85	2.485814286471867E-4
86-87	0.0
88-89	0.0
90-91	0.0
92-93	0.0
94-95	0.0
96-97	0.0
98-99	0.0
100	0.0
>>END_MODULE
>>Sequence Length Distribution	warn
#Length	Count
42-43	1.0
44-45	1.0
46-47	1.0
48-49	22.0
50-51	8172.0
52-53	8685.0
54-55	9493.0
56-57	10487.0
58-59	11640.0
60-61	13575.0
62-63	13232.0
64-65	13258.0
66-67	13662.0
68-69	14109.0
70-71	14863.0
72-73	15990.0
74-75	16778.0
76-77	18778.0
78-79	19919.0
80-81	22311.0
82-83	24658.0
84-85	28307.0
86-87	33891.0
88-89	40896.0
90-91	47897.0
92-93	59792.0
94-95	77251.0
96-97	94906.0
98-99	146875.0
100-101	683880.0
>>END_MODULE
>>Sequence Duplication Levels	pass
#Total Deduplicated Percentage	86.9077515944407
#Duplication Level	Percentage of deduplicated	Percentage of total
1	91.00862115024056	79.09354639877668
2	6.3631387453163395	11.060121628778269
3	1.4338001558818554	3.738250433503519
4	0.520544755281014	1.8095749714300513
5	0.2610505350328013	1.1343657526113269
6	0.13993489453871844	0.7296856232379119
7	0.08055757689934359	0.4900754517552745
8	0.054365731188338304	0.3779842769092994
9	0.034763260430985404	0.27190771219340354
>10	0.10258970735008772	1.2482121153924237
>50	4.757592980765215E-4	0.03112867781975913
>100	1.5772854188057583E-4	0.015146957592016423
>500	0.0	0.0
>1k	0.0	0.0
>5k	0.0	0.0
>10k+	0.0	0.0
>>END_MODULE
>>Overrepresented sequences	pass
>>END_MODULE
>>Adapter Content	pass
#Position	Illumina Universal Adapter	Illumina Small RNA Adapter	Nextera Transposase Sequence	SOLID Small RNA Adapter
1	0.0	0.0	0.0	0.0
2	0.0	0.0	6.833728550634512E-5	0.0
3	0.0	0.0	6.833728550634512E-5	0.0
4	0.0	0.0	2.0501185651903536E-4	0.0
5	0.0	0.0	2.0501185651903536E-4	0.0
6	0.0	0.0	2.0501185651903536E-4	0.0
7	0.0	0.0	2.0501185651903536E-4	0.0
8	0.0	0.0	2.0501185651903536E-4	0.0
9	0.0	0.0	2.733491420253805E-4	0.0
10-11	0.0	0.0	2.733491420253805E-4	0.0
12-13	0.0	6.833728550634512E-5	3.416864275317256E-4	0.0
14-15	6.833728550634512E-5	6.833728550634512E-5	3.416864275317256E-4	0.0
16-17	6.833728550634512E-5	6.833728550634512E-5	4.1002371303807073E-4	0.0
18-19	1.0250592825951768E-4	6.833728550634512E-5	4.1002371303807073E-4	0.0
20-21	1.3667457101269024E-4	6.833728550634512E-5	4.1002371303807073E-4	0.0
22-23	1.3667457101269024E-4	6.833728550634512E-5	4.441923557912433E-4	0.0
24-25	1.3667457101269024E-4	6.833728550634512E-5	4.783609985444158E-4	0.0
26-27	1.3667457101269024E-4	6.833728550634512E-5	4.783609985444158E-4	0.0
28-29	1.3667457101269024E-4	6.833728550634512E-5	4.783609985444158E-4	0.0
30-31	1.3667457101269024E-4	6.833728550634512E-5	4.783609985444158E-4	0.0
32-33	1.3667457101269024E-4	6.833728550634512E-5	4.783609985444158E-4	0.0
34-35	1.3667457101269024E-4	6.833728550634512E-5	4.783609985444158E-4	0.0
36-37	1.3667457101269024E-4	6.833728550634512E-5	5.125296412975884E-4	0.0
38-39	1.3667457101269024E-4	6.833728550634512E-5	5.46698284050761E-4	3.416864275317256E-5
40-41	1.3667457101269024E-4	6.833728550634512E-5	5.46698284050761E-4	6.833728550634512E-5
42-43	1.3667457101269024E-4	6.833728550634512E-5	6.15035569557106E-4	6.833728550634512E-5
44-45	2.0501185651903536E-4	6.833728550634512E-5	6.15035569557106E-4	6.833728550634512E-5
46-47	2.391804992722079E-4	6.833728550634512E-5	6.15035569557106E-4	1.0250592825951768E-4
48-49	2.733491420253805E-4	6.833728550634512E-5	6.15035569557106E-4	1.3667457101269024E-4
50-51	2.733491420253805E-4	6.833728550634512E-5	6.833728550634512E-4	1.7084321376586282E-4
52-53	3.416864275317256E-4	6.833728550634512E-5	6.833728550634512E-4	2.0501185651903536E-4
54-55	3.416864275317256E-4	6.833728550634512E-5	6.833728550634512E-4	2.0501185651903536E-4
56-57	3.416864275317256E-4	6.833728550634512E-5	6.833728550634512E-4	2.0501185651903536E-4
58-59	4.1002371303807073E-4	6.833728550634512E-5	6.833728550634512E-4	2.0501185651903536E-4
60-61	4.1002371303807073E-4	6.833728550634512E-5	6.833728550634512E-4	2.0501185651903536E-4
62-63	4.1002371303807073E-4	6.833728550634512E-5	6.833728550634512E-4	2.0501185651903536E-4
64-65	4.1002371303807073E-4	6.833728550634512E-5	7.517101405697963E-4	2.0501185651903536E-4
66-67	4.1002371303807073E-4	1.0250592825951768E-4	7.517101405697963E-4	2.0501185651903536E-4
68-69	4.1002371303807073E-4	1.3667457101269024E-4	7.858787833229688E-4	2.0501185651903536E-4
70-71	4.1002371303807073E-4	1.3667457101269024E-4	8.200474260761415E-4	2.0501185651903536E-4
72-73	4.1002371303807073E-4	1.3667457101269024E-4	8.200474260761415E-4	2.0501185651903536E-4
74-75	4.1002371303807073E-4	1.3667457101269024E-4	8.200474260761415E-4	2.0501185651903536E-4
76-77	4.1002371303807073E-4	1.3667457101269024E-4	8.200474260761415E-4	2.0501185651903536E-4
78-79	4.1002371303807073E-4	1.3667457101269024E-4	8.200474260761415E-4	2.0501185651903536E-4
80-81	4.1002371303807073E-4	1.3667457101269024E-4	8.200474260761415E-4	2.0501185651903536E-4
82-83	4.441923557912433E-4	1.3667457101269024E-4	8.200474260761415E-4	2.0501185651903536E-4
84-85	4.783609985444158E-4	1.3667457101269024E-4	8.200474260761415E-4	2.0501185651903536E-4
86-87	4.783609985444158E-4	1.3667457101269024E-4	8.200474260761415E-4	2.0501185651903536E-4
88	4.783609985444158E-4	1.3667457101269024E-4	8.200474260761415E-4	2.0501185651903536E-4
>>END_MODULE
>>Kmer Content	warn
#Sequence	Count	PValue	Obs/Exp Max	Max Obs/Exp Position
CGCGTCT	135	7.076103E-4	19.248493	1
CGCGAAT	165	0.002714303	15.748767	1
CCGGGAT	210	8.072057E-4	14.436369	1
CCGGAAT	365	1.3008867E-7	14.238611	1
CTCGAAT	740	0.0	14.046198	1
CGCCTGT	255	2.2611734E-4	13.587171	1
CGGGCAT	460	1.6211379E-7	12.239531	1
CCGGCAT	320	1.1192239E-4	12.180686	1
CACGAAT	360	2.509097E-5	12.030308	1
CCGCAAT	365	2.8896333E-5	11.86551	1
GTCGCTT	335	1.7150525E-4	11.635283	1
GTCGCAT	265	0.004639756	11.440143	1
CCGATAT	420	9.673897E-6	11.342861	1
CTCACGT	270	0.0053335284	11.228288	1
CGGGGAT	425	1.1032576E-5	11.209416	1
CGCATAT	280	0.006990743	10.827276	1
CCCGCAT	280	0.006990743	10.827276	1
GCGTCTC	320	0.0015268422	10.826536	2
CCGAAAT	450	2.0776073E-5	10.586672	1
CCGGGCT	290	0.009069845	10.453923	1
>>END_MODULE
