##FastQC	0.10.1
>>Basic Statistics	pass
#Measure	Value	
Filename	SRR1639282_trimmed.fastq	
File type	Conventional base calls	
Encoding	Sanger / Illumina 1.9	
Total Sequences	11142142	
Filtered Sequences	0	
Sequence length	100-200	
%GC	46	
>>END_MODULE
>>Per base sequence quality	pass
#Base	Mean	Median	Lower Quartile	Upper Quartile	10th Percentile	90th Percentile
1	33.02845924957697	34.0	33.0	34.0	31.0	34.0
2	33.252983851758486	34.0	34.0	34.0	31.0	34.0
3	33.4466947199201	34.0	34.0	34.0	31.0	34.0
4	36.71532296034282	37.0	37.0	37.0	35.0	37.0
5	36.69490300877515	37.0	37.0	37.0	35.0	37.0
6	36.66463154032681	37.0	37.0	37.0	35.0	37.0
7	36.64910167183294	37.0	37.0	37.0	35.0	37.0
8	36.65397461278092	37.0	37.0	37.0	35.0	37.0
9	38.56723859738998	39.0	39.0	39.0	38.0	39.0
10-14	38.869105114617994	39.4	39.2	39.4	37.6	39.4
15-19	40.127588627034186	41.0	40.0	41.0	38.0	41.0
20-24	37.763229870881204	41.0	38.2	41.0	27.0	41.0
25-29	39.80650609191662	41.0	40.0	41.0	37.8	41.0
30-34	39.7165570857022	41.0	40.0	41.0	37.6	41.0
35-39	39.72784977969227	41.0	40.0	41.0	37.0	41.0
40-44	39.455638960623546	41.0	39.2	41.0	36.2	41.0
45-49	39.33842162485454	41.0	39.0	41.0	35.2	41.0
50-54	38.80103391250982	40.0	37.8	41.0	35.0	41.0
55-59	38.30367721036045	39.8	36.6	41.0	34.6	41.0
60-64	37.715093578954566	38.8	35.2	40.8	34.0	41.0
65-69	36.903276533363154	37.2	35.0	39.6	33.6	41.0
70-74	35.91704971988331	35.8	35.0	38.4	33.0	40.0
75-79	34.766892936744114	35.0	34.0	36.2	31.4	38.8
80-84	34.559785631882995	35.0	34.0	35.8	32.2	37.0
85-89	33.927665883274514	35.0	34.0	35.0	31.0	36.0
90-94	33.836925287794756	35.0	34.0	35.0	31.0	35.6
95-99	33.72944292040076	35.0	34.0	35.0	31.0	35.0
100-104	34.148660877000836	34.8	34.4	34.8	31.8	34.8
105-109	36.97514513819361	37.4	37.4	37.4	35.4	37.4
110-114	38.54739628934059	39.4	39.2	39.4	37.0	39.4
115-119	39.49889228395596	41.0	39.4	41.0	37.0	41.0
120-124	39.44403999096575	41.0	39.4	41.0	37.0	41.0
125-129	39.131512031361055	40.0	38.8	41.0	36.0	41.0
130-134	38.8314185481907	40.0	38.2	41.0	35.2	41.0
135-139	38.401607714278676	40.0	38.0	41.0	34.2	41.0
140-144	37.91323383384086	40.0	37.6	40.6	33.2	41.0
145-149	37.230336277929936	39.0	36.2	40.0	31.8	41.0
150-154	36.259838307866254	37.8	34.8	39.6	30.8	40.2
155-159	36.176725267012316	38.0	34.6	39.8	30.4	40.4
160-164	35.178742964545094	36.4	33.6	38.8	29.0	40.0
165-169	33.935747060801575	35.2	32.0	37.6	27.4	39.4
170-174	32.647853509808584	34.0	30.8	36.2	26.0	38.4
175-179	31.424738613653403	33.2	29.4	34.8	25.0	36.4
180-184	30.318010197545185	31.8	28.8	34.0	23.4	35.2
185-189	29.33179644058693	31.0	27.0	34.0	21.0	34.6
190-194	28.479609045243183	30.2	25.8	33.2	20.0	34.0
195-199	28.496180001118283	30.0	25.2	32.4	20.4	34.0
200	29.884742795085813	31.0	27.0	33.0	25.0	34.0
>>END_MODULE
>>Per sequence quality scores	pass
#Quality	Count
24	1.0
25	21.0
26	817.0
27	6844.0
28	22297.0
29	47898.0
30	82162.0
31	132086.0
32	218453.0
33	392091.0
34	756638.0
35	1544603.0
36	3169501.0
37	3993826.0
38	766358.0
39	8546.0
>>END_MODULE
>>Per base sequence content	fail
#Base	G	A	T	C
1	25.483309009736573	13.352566448752166	13.21021899906345	47.953905542447814
2	20.330576672859827	22.323789118570208	37.37145215301965	19.974182055550315
3	22.827576600621317	26.31933787955673	24.633934839459055	26.219150680362898
4	25.661062298434178	32.39138399061868	18.502349009732598	23.445204701214543
5	25.722031259830906	33.89349333784738	21.380145741348194	19.004329660973518
6	19.22057715652879	35.89971299952918	23.795846435990494	21.08386340795154
7	17.580147515621324	16.18590931617996	43.08242526437017	23.151517903828545
8	19.469335429399482	21.099829817282888	29.254877563039493	30.175957190278137
9	21.092838342932623	21.48002601295155	31.314454617433523	26.1126810266823
10-14	22.50075434328516	28.04472604998213	25.57975656745355	23.874763039279163
15-19	23.056067711136162	26.602424897417105	26.365327717783437	23.976179673663296
20-24	23.825214244955937	27.134297309462298	25.82817135522833	23.212317090353437
25-29	23.070974470263923	27.024060534342482	26.23481649113879	23.670148504254808
30-34	22.923334111699905	26.86403252316975	26.352338922141737	23.860294442988607
35-39	23.002937677299936	27.01823061574549	26.36602173945822	23.61280996749636
40-44	23.094191404130374	26.879817184164413	26.485370586732788	23.540620824972432
45-49	23.02970649629129	26.838491198550514	26.470983765958106	23.660818539200093
50-54	23.124439301924244	26.870864112661184	26.511706811298165	23.49298977411641
55-59	23.090004315394776	26.807343282968034	26.566217166870544	23.536435234766646
60-64	23.0705914603614	26.68179160292661	26.670362908002794	23.577254028709195
65-69	23.09295260795528	26.82031260924193	26.65110434834913	23.435630434453657
70-74	23.16291443384864	26.779605305139548	26.67664253671427	23.380837724297546
75-79	23.194082330495487	26.663740077527326	26.743571484165546	23.398606107811638
80-84	23.10906903601102	26.721879976052016	26.798091494366133	23.370959493570833
85-89	23.160729140743662	26.71403985880557	26.796052288636652	23.329178711814112
90-94	23.102775344856493	26.67672125176083	26.95933431970033	23.261169083682347
95-99	23.081730995035674	26.74137813900719	26.93247593135173	23.24441493460541
100-104	23.133528325304464	24.614381915860392	24.150602104201177	28.101487654633967
105-109	20.368058743201527	26.290867815410003	29.820226042271226	23.52084739911725
110-114	22.233576536191794	28.714681226104332	25.673245480373748	23.37849675733013
115-119	22.810217500376304	27.334402512508216	26.35909836805724	23.496281619058244
120-124	22.680400946809982	27.697857690740506	26.402451643792872	23.21928971865664
125-129	22.68074158833127	27.697180518594244	26.310713021048905	23.311364872025578
130-134	22.617964350726435	27.529386548040797	26.36193457614702	23.49071452508575
135-139	22.703900960851243	27.636513016303617	26.359072027454722	23.30051399539042
140-144	22.783781184820025	27.44402616353312	26.50030057495166	23.271892076695195
145-149	22.776655537420005	27.365475174657956	26.43219070363073	23.42567858429131
150-154	22.856176921450572	27.28418288123015	26.47601365467934	23.38362654263994
155-159	22.813904416529482	27.27963993500424	26.507530035953618	23.39892561251266
160-164	22.734357141926285	27.209503435741777	26.652471606153277	23.403667816178658
165-169	22.715571394757372	27.40740826254476	26.698119227076916	23.178901115620953
170-174	22.684461787465825	27.455311356250288	26.736333878493973	23.12389297778991
175-179	22.61448014922163	27.41381454718466	26.87070363327162	23.101001670322084
180-184	22.421145523941462	27.56185213561291	27.02549126618458	22.991511074261044
185-189	22.217975038069888	27.712483269148464	27.14200865174996	22.927533041031694
190-194	21.823588118432845	27.815752316124264	27.42274008037942	22.937919485063475
195-199	20.98785524882408	28.191001106389052	27.82370074137994	22.997442903406924
200	20.332650478498234	28.411290383457573	27.651071176242446	23.604987961801747
>>END_MODULE
>>Per base GC content	fail
#Base	%GC
1	73.43721455218439
2	40.30475872841014
3	49.046727280984214
4	49.106266999648724
5	44.726360920804424
6	40.30444056448033
7	40.73166541944987
8	49.64529261967762
9	47.205519369614926
10-14	46.375517382564325
15-19	47.03224738479946
20-24	47.037531335309374
25-29	46.74112297451873
30-34	46.78362855468852
35-39	46.61574764479629
40-44	46.634812229102806
45-49	46.69052503549138
50-54	46.61742907604065
55-59	46.62643955016142
60-64	46.6478454890706
65-69	46.52858304240894
70-74	46.54375215814619
75-79	46.59268843830713
80-84	46.48002852958185
85-89	46.48990785255777
90-94	46.36394442853884
95-99	46.326145929641086
100-104	51.235015979938424
105-109	43.88890614231878
110-114	45.612073293521924
115-119	46.30649911943455
120-124	45.89969066546662
125-129	45.992106460356844
130-134	46.10867887581218
135-139	46.00441495624166
140-144	46.055673261515224
145-149	46.20233412171132
150-154	46.239803464090514
155-159	46.21283002904214
160-164	46.13802495810494
165-169	45.89447251037833
170-174	45.808354765255736
175-179	45.71548181954372
180-184	45.41265659820251
185-189	45.14550807910158
190-194	44.76150760349631
195-199	43.985298152231
200	43.93763844029998
>>END_MODULE
>>Per sequence GC content	warn
#GC Content	Count
0	7.0
1	4.0
2	0.5
3	1.3333333333333333
4	3.3333333333333335
5	3.5
6	5.166666666666666
7	4.666666666666666
8	5.666666666666667
9	6.666666666666667
10	5.666666666666666
11	6.499999999999999
12	11.166666666666668
13	16.333333333333336
14	23.833333333333332
15	38.666666666666664
16	60.83333333333336
17	113.49999999999989
18	208.5000000000003
19	315.8333333333331
20	484.33333333333036
21	787.3333333333409
22	1266.1666666666636
23	1987.4999999999404
24	3025.6666666667547
25	4629.833333333424
26	6736.4999999993415
27	9718.333333333276
28	13820.500000002816
29	19169.16666666729
30	26304.166666657246
31	35339.83333332303
32	46693.50000002088
33	61072.50000006191
34	79973.99999999102
35	106408.16666650517
36	139650.66666647795
37	177379.33333358265
38	220699.1666674428
39	270491.3333343467
40	324010.4999997453
41	376990.3333318621
42	423815.4999972952
43	461855.1666631477
44	484504.99999617646
45	489041.4999962352
46	484120.8333298
47	472325.3333301677
48	445535.6666641192
49	408483.49999835365
50	373033.49999915384
51	339183.49999958166
52	302163.66666687554
53	262921.0000006653
54	232623.16666714556
55	206466.83333362784
56	182730.00000011886
57	163146.83333335965
58	144777.99999995457
59	129926.33333323717
60	113157.66666660717
61	96603.33333330987
62	84620.16666665919
63	74134.50000000707
64	66146.0000000149
65	58451.833333343304
66	52430.000000006024
67	46655.166666667785
68	40582.16666666676
69	33801.16666666557
70	25585.33333333281
71	19208.166666666744
72	15391.333333333465
73	11291.666666666679
74	6700.666666666658
75	4215.333333333336
76	2548.8333333333335
77	1017.0000000000001
78	469.49999999999994
79	175.33333333333334
80	54.0
81	17.333333333333336
82	7.833333333333332
83	4.0
84	0.0
85	0.0
86	0.3333333333333333
87	0.3333333333333333
88	0.0
89	0.0
90	0.0
91	0.0
92	0.0
93	0.0
94	0.0
95	0.0
96	0.0
97	0.0
98	0.0
99	0.0
100	0.0
>>END_MODULE
>>Per base N content	pass
#Base	N-Count
1	0.6150792190585975
2	0.0025040068597223047
3	0.0
4	0.0
5	0.005591384493215039
6	0.0
7	0.0
8	0.0
9	0.0
10-14	0.0
15-19	0.0011523816515711252
20-24	0.5928716399414045
25-29	3.3207259430009057E-4
30-34	4.846464889785106E-5
35-39	5.384960988650118E-5
40-44	0.0
45-49	0.0
50-54	4.1284700912984235E-5
55-59	0.0015418938297501504
60-64	1.1128919376543576E-4
65-69	1.3103405072381952E-4
70-74	5.043913459368943E-4
75-79	0.001446759518950665
80-84	0.032921856497610605
85-89	0.0015472787907388004
90-94	0.025244697114791752
95-99	0.022484007114610457
100-104	0.023365495458267875
105-109	0.004528969816615137
110-114	0.0018885932147405706
115-119	7.936275229163089E-4
120-124	0.0022090858840327974
125-129	2.784835589235816E-4
130-134	0.0015908197370074785
135-139	4.496832584020124E-5
140-144	1.0802656654140325E-5
145-149	1.262125828824509E-5
150-154	5.582466153889571E-4
155-159	1.0947032615700301E-4
160-164	8.941662538916207E-5
165-169	1.9957996244570372E-4
170-174	0.001588409158375655
175-179	4.0579203283819736E-4
180-184	5.4662844494812004E-5
185-189	0.0
190-194	1.3149378512672765E-4
195-199	6.933639741379019E-5
200	0.0
>>END_MODULE
>>Sequence Length Distribution	warn
#Length	Count
100-104	261.0
105-109	804.0
110-114	1457.0
115-119	2422.0
120-124	3669.0
125-129	4768.0
130-134	6465.0
135-139	9018.0
140-144	13325.0
145-149	22000.0
150-154	203272.0
155-159	246884.0
160-164	286108.0
165-169	302289.0
170-174	331570.0
175-179	379414.0
180-184	481166.0
185-189	697482.0
190-194	1106179.0
195-199	2142108.0
200-201	4901481.0
>>END_MODULE
>>Sequence Duplication Levels	fail
#Total Duplicate Percentage	53.287000009193115
#Duplication Level	Relative count
1	100.0
2	32.306693169070904
3	15.609194497471119
4	9.265345482455277
5	5.987640958022554
6	4.386672701867632
7	3.312144529943125
8	2.6046484167437467
9	2.177592348414776
10++	21.150099384015903
>>END_MODULE
>>Overrepresented sequences	pass
>>END_MODULE
>>Kmer Content	warn
#Sequence	Count	Obs/Exp Overall	Obs/Exp Max	Max Obs/Exp Position
TCTTC	5637085	2.5653582	5.5908976	7
CTTCT	5262910	2.3950765	5.273853	1
AAGAA	5977330	2.3658214	5.24771	2
CTTCA	5013950	2.2460504	6.711887	1
CTCCT	4168920	2.1320062	5.797836	1
CTCCA	3837985	1.9320314	6.8413477	1
CTTGG	3316885	1.8383683	6.7807713	1
CTTGA	3772530	1.7593035	6.1540995	1
CTTTG	3586415	1.6991143	6.0189333	1
CTCAA	3807565	1.678931	7.1519914	1
ATCAA	4238470	1.6370773	5.0421085	6
TTTGA	3883835	1.6117492	5.0769277	2
TCCAA	3626620	1.599144	5.8367505	7
CTGGA	2763725	1.5077972	5.7645655	1
CTTTT	3664910	1.4841758	5.4445195	1
CTCAG	2759315	1.4460418	6.390711	1
AGATC	3020415	1.3865025	5.292445	4
ATCCA	3115810	1.3739043	5.8710256	6
AAATC	3324890	1.2842139	5.153441	4
CTCGA	2219520	1.1631577	5.256286	1
>>END_MODULE
